2	0	2023	4	25	3	46	43	399160832	48.2024	46.0528	0	0	-23	0	0	-1	4	5	99.97	2.19	0.59	0.96	6.4	3.7	-5.6	1	1	0	1
2	0	2023	4	25	7	58	2	347266816	43.9725	42.2780	0	0	33	0	0	-1	3	3	164.14	1.17	0.53	1.56	7.2	13.0	0.0	0	1	0	1
2	0	2023	4	25	8	0	39	143959040	44.0143	42.2821	0	0	11	0	0	-1	2	1	134.72	5.47	0.65	0.01	3.9	0.6	0.0	1	1	0	1
2	0	2023	4	25	8	2	21	630893056	43.9677	42.2576	0	0	72	0	0	-1	5	7	138.47	2.32	0.59	1.12	9.8	10.3	14.8	0	1	0	1
2	0	2023	4	25	8	4	53	780481024	43.9040	42.3900	0	0	-41	0	0	-1	3	3	140.83	3.41	0.76	2.08	4.9	1.2	-0.0	0	1	0	1
2	0	2023	4	25	8	6	11	595066880	43.9410	42.3982	0	0	109	0	0	-1	3	3	133.48	2.67	0.67	1.24	10.1	30.4	0.0	0	1	0	1
2	0	2023	4	25	8	8	38	224924416	44.1009	42.3280	0	0	-7	0	0	-1	3	3	177.08	0.81	0.44	0.91	7.4	0.6	-0.0	1	1	0	1
2	0	2023	4	25	8	14	32	319522816	43.9908	42.4178	0	0	-27	0	0	-1	2	1	132.95	3.55	0.67	0.10	9.5	1.2	-0.0	0	1	0	1
2	0	2023	4	25	8	18	11	502521344	43.8863	42.4616	0	0	42	0	0	-1	3	3	134.45	3.44	0.70	0.64	3.3	2.6	0.0	0	1	0	1
2	0	2023	4	25	8	22	12	572120320	44.0518	42.3675	0	0	-7	0	0	-1	3	3	175.92	0.84	0.44	0.22	15.0	10.3	-0.0	0	1	0	1
2	0	2023	4	25	8	24	20	710332416	44.0361	42.3915	0	0	-9	0	0	-1	3	3	175.55	0.85	0.45	1.69	4.2	1.1	-0.0	1	1	0	1
2	0	2023	4	25	8	26	20	220464128	44.0590	42.2557	0	0	9	0	0	-1	2	1	132.68	5.58	0.65	1.97	10.4	1.1	0.0	1	1	0	1
2	0	2023	4	25	8	27	46	118758912	43.9065	42.6026	0	0	-10	0	0	-1	2	1	129.66	8.47	0.76	0.07	7.2	12.3	-0.0	1	1	0	1
2	0	2023	4	25	8	30	15	702918912	43.9472	42.7732	0	0	-16	0	0	-1	2	1	127.16	6.17	0.80	1.13	17.3	1.7	-0.0	1	1	0	1
2	0	2023	4	25	8	30	15	868797184	44.1144	42.4082	0	0	-17	0	0	-1	3	3	175.35	0.88	0.44	2.76	8.2	1.2	-0.0	1	1	0	1
2	0	2023	4	25	8	34	30	79156736	44.0067	42.3851	0	0	-23	0	0	-1	5	7	168.15	0.86	0.48	1.82	6.8	24.4	-0.0	0	1	0	1
2	0	2023	4	25	8	35	41	611192064	43.9370	42.5646	0	0	-51	0	0	-1	3	3	131.35	3.39	0.70	0.69	3.6	19.1	-0.0	0	1	0	1
2	0	2023	4	25	8	35	41	754426624	43.9767	42.4933	0	0	-55	0	0	-1	4	5	134.28	2.59	0.66	1.09	4.3	20.0	-0.0	0	1	0	1
2	0	2023	4	25	8	35	55	906087168	44.0046	41.7939	0	0	9	0	0	-1	2	1	173.45	5.92	0.44	0.26	1.5	0.5	0.0	1	1	0	1
2	0	2023	4	25	8	35	56	513716992	44.0818	42.4226	0	0	-23	0	0	-1	5	7	174.87	0.79	0.44	1.58	9.7	19.2	-0.0	0	1	0	1
2	0	2023	4	25	8	37	1	511842560	44.0377	42.6090	0	0	-8	0	0	-1	2	1	127.60	7.83	0.74	0.07	7.6	0.8	-0.0	1	1	0	1
2	0	2023	4	25	8	38	48	545812224	43.9825	42.4868	0	0	-37	0	0	-1	4	5	133.85	2.54	0.64	0.93	4.1	30.4	-0.0	0	1	0	1
2	0	2023	4	25	8	40	4	982909184	44.0216	42.4450	0	0	-8	0	0	-1	3	3	142.54	1.28	0.66	1.03	2.1	0.7	-0.0	1	1	0	1
2	0	2023	4	25	8	40	36	630990592	44.0354	42.4505	0	0	-8	0	0	-1	3	3	177.00	0.88	0.43	0.21	4.6	0.7	-0.0	1	1	0	1
2	0	2023	4	25	8	41	20	496041216	44.0599	42.5554	0	0	-13	0	0	-1	2	1	128.39	5.16	0.73	0.33	7.0	15.1	-0.0	1	1	0	1
2	0	2023	4	25	8	41	49	226947584	44.1226	42.4532	0	0	6	0	0	-1	3	3	176.98	0.82	0.43	0.10	1.7	2.9	0.0	1	1	0	1
2	0	2023	4	25	8	42	36	482791424	43.9692	42.5185	0	0	-32	0	0	-1	3	3	131.14	3.48	0.71	0.62	3.9	19.7	-0.0	0	1	0	1
2	0	2023	4	25	8	42	36	584726784	44.0030	42.4556	0	0	-24	0	0	-1	5	7	139.92	2.18	0.55	1.73	3.7	20.7	-0.0	0	1	0	1
2	0	2023	4	25	8	43	0	53853184	44.1227	42.4629	0	0	9	0	0	-1	3	3	177.93	0.85	0.43	0.17	3.6	2.1	0.0	1	1	0	1
2	0	2023	4	25	8	43	46	343107328	43.9626	42.6318	0	0	-9	0	0	-1	2	1	129.04	8.51	0.74	0.06	4.5	8.2	-0.0	1	1	0	1
2	0	2023	4	25	8	44	21	575272192	44.0566	42.5315	0	0	-45	0	0	-1	4	5	132.03	2.59	0.68	1.75	5.1	19.2	-0.0	0	1	0	1
2	0	2023	4	25	8	44	21	770628096	44.0948	42.4687	0	0	-28	0	0	-1	4	5	141.68	1.23	0.62	2.72	6.4	14.2	-0.0	0	1	0	1
2	0	2023	4	25	8	46	28	132712960	44.0720	42.4562	0	0	-27	0	0	-1	4	5	176.70	0.82	0.46	1.29	7.6	30.4	-0.0	0	1	0	1
2	0	2023	4	25	8	46	28	180528128	44.2206	42.4756	0	0	11	0	0	-1	3	3	179.99	0.78	0.42	0.31	5.8	15.6	0.0	1	1	0	1
2	0	2023	4	25	8	48	46	107555072	44.2603	42.3631	0	0	7	0	0	-1	2	1	128.70	5.23	0.68	1.25	7.0	1.9	0.0	1	1	0	1
2	0	2023	4	25	8	52	37	792358912	44.0091	42.6088	0	0	-20	0	0	-1	2	1	128.54	4.50	0.75	0.24	1.8	10.4	-0.0	0	1	0	1
2	0	2023	4	25	8	52	38	285562368	44.0355	42.6069	0	0	-38	0	0	-1	3	3	128.97	3.33	0.71	0.47	8.2	12.3	-0.0	0	1	0	1
2	0	2023	4	25	8	54	32	806667776	44.0501	42.5123	0	0	-30	0	0	-1	4	5	175.67	0.79	0.47	1.79	4.9	24.2	-0.0	0	1	0	1
2	0	2023	4	25	8	55	52	943902464	44.0318	42.5614	0	0	-25	0	0	-1	2	1	130.49	3.88	0.74	1.49	4.4	16.4	-0.0	0	1	0	1
2	0	2023	4	25	8	56	21	319636224	44.0661	42.5267	0	0	-9	0	0	-1	3	3	177.68	0.86	0.44	1.30	5.1	10.0	-0.0	1	1	0	1
2	0	2023	4	25	8	57	5	622772736	44.0211	42.6000	0	0	-46	0	0	-1	4	5	131.81	2.94	0.68	1.40	3.8	10.3	-0.0	0	1	0	1
2	0	2023	4	25	8	57	5	716322048	44.0287	42.5839	0	0	-26	0	0	-1	2	1	130.37	3.91	0.72	1.62	2.3	23.6	-0.0	0	1	0	1
2	0	2023	4	25	8	57	5	793526016	43.9305	42.7673	0	0	-16	0	0	-1	2	1	127.90	6.69	0.79	0.45	2.6	18.4	-0.0	0	1	0	1
2	0	2023	4	25	8	58	21	675795712	43.9897	42.5718	0	0	-32	0	0	-1	4	5	133.74	2.88	0.65	1.32	1.8	28.8	-0.0	0	1	0	1
2	0	2023	4	25	8	59	36	85335296	44.0504	42.5414	0	0	-7	0	0	-1	3	3	177.64	0.89	0.43	1.20	1.5	1.0	-0.0	1	1	0	1
2	0	2023	4	25	9	0	20	474495488	47.7765	34.8309	0	0	-20	0	0	-1	3	3	83.47	2.84	0.50	0.13	0.0	0.0	-0.0	1	1	0	1
2	0	2023	4	25	9	0	33	24796672	44.0190	42.6247	0	0	-38	0	0	-1	3	3	129.85	3.50	0.70	0.57	3.7	10.1	-0.0	0	1	0	1
2	0	2023	4	25	9	1	32	339755008	44.0646	42.5509	0	0	-29	0	0	-1	3	3	138.33	3.60	0.78	1.65	12.2	1.4	-0.0	1	1	0	1
2	0	2023	4	25	9	1	32	682654976	44.1391	42.5248	0	0	-7	0	0	-1	3	3	174.94	0.98	0.56	0.54	8.3	0.7	-0.0	1	1	0	1
2	0	2023	4	25	9	3	49	536444928	44.0502	42.5852	0	0	-37	0	0	-1	4	5	133.06	2.61	0.65	1.47	4.4	1.3	-0.0	0	1	0	1
2	0	2023	4	25	9	5	27	316485120	44.2564	42.2086	0	0	9	0	0	-1	2	1	133.19	4.07	0.61	5.77	5.2	0.6	0.0	1	1	0	1
2	0	2023	4	25	9	10	11	326941952	43.9638	42.7732	0	0	-15	0	0	-1	2	1	126.37	6.41	0.78	0.21	2.1	10.4	-0.0	0	1	0	1
2	0	2023	4	25	9	11	0	85348608	44.0508	42.5807	0	0	-20	0	0	-1	2	1	130.01	4.32	0.73	3.36	2.7	14.5	-0.0	0	1	0	1
2	0	2023	4	25	9	12	13	797562880	44.0964	42.5758	0	0	-15	0	0	-1	3	3	177.61	0.86	0.44	2.75	6.0	1.5	-0.0	1	1	0	1
2	0	2023	4	25	9	13	7	421217792	44.0174	42.6841	0	0	-31	0	0	-1	3	3	133.91	3.70	0.80	2.01	3.1	11.3	-0.0	0	1	0	1
2	0	2023	4	25	9	15	51	720051200	44.0367	42.6775	0	0	-21	0	0	-1	3	3	131.52	3.78	0.74	2.05	5.1	14.5	-0.0	0	1	0	1
2	0	2023	4	25	9	16	40	84428032	47.7848	34.9662	0	0	-18	0	0	-1	5	7	83.85	1.48	0.47	0.36	3.7	24.4	-4.6	0	1	0	1
2	0	2023	4	25	9	17	31	546469888	44.0244	42.7380	0	0	8	0	0	-1	2	1	125.75	9.68	0.79	0.89	1.4	1.2	0.0	1	1	0	1
2	0	2023	4	25	9	20	0	112952832	44.0266	42.8583	0	0	-21	0	0	-1	2	1	126.65	5.60	0.80	0.26	19.8	1.5	-0.0	0	1	0	1
2	0	2023	4	25	9	21	43	90871296	44.0799	42.6941	0	0	-58	0	0	-1	3	3	129.83	3.09	0.71	3.50	9.9	1.0	-0.0	0	1	0	1
2	0	2023	4	25	9	24	28	463031808	47.7206	34.9199	0	0	-17	0	0	-1	3	3	39.88	7.25	1.06	0.98	15.7	4.8	-2.3	1	1	0	1
2	0	2023	4	25	9	26	56	586958592	44.1345	42.5889	0	0	8	0	0	-1	3	3	178.64	0.84	0.43	1.24	7.5	1.2	0.0	1	1	0	1
2	0	2023	4	25	9	29	43	74817792	44.1570	42.5917	0	0	-10	0	0	-1	2	1	126.90	6.08	0.85	2.18	7.0	1.1	-0.0	1	1	0	1
2	0	2023	4	25	9	30	45	924464128	44.0850	42.6665	0	0	-12	0	0	-1	2	1	127.14	6.18	0.74	0.02	2.3	15.4	-0.0	0	1	0	1
2	0	2023	4	25	9	34	28	989501696	47.7591	34.9691	0	0	-14	0	0	-1	3	3	82.53	2.87	0.49	0.12	0.0	0.0	-0.0	1	1	0	1
2	0	2023	4	25	9	34	31	978895872	40.1030	46.4799	0	0	19	0	0	-1	3	3	141.25	14.78	1.72	2.08	5.2	17.3	0.0	0	1	0	1
2	0	2023	4	25	9	42	45	37287424	44.0399	42.9716	0	0	-22	0	0	-1	2	1	124.00	5.88	0.84	0.94	4.3	1.2	-0.0	1	1	0	1
2	0	2023	4	25	9	46	47	109870592	44.1352	42.8168	0	0	-35	0	0	-1	3	3	136.32	2.69	0.63	2.81	6.7	24.3	-0.0	0	1	0	1
2	0	2023	4	25	9	48	24	831072512	44.1785	42.8695	0	0	-19	0	0	-1	2	1	122.15	5.14	0.83	0.63	22.5	1.4	-0.0	1	1	0	1
2	0	2023	4	25	9	49	59	326437120	44.1823	42.8524	0	0	-38	0	0	-1	2	1	123.62	3.84	0.79	0.57	23.6	8.5	-0.0	0	1	0	1
2	0	2023	4	25	9	51	39	931512576	44.1405	42.8293	0	0	-8	0	0	-1	2	1	120.99	9.14	0.83	0.36	3.0	9.9	-0.0	1	1	0	1
2	0	2023	4	25	9	51	39	939603200	44.2627	42.5893	0	0	-8	0	0	-1	2	1	123.67	6.00	0.79	1.59	8.5	9.5	-0.0	1	1	0	1
2	0	2023	4	25	9	54	8	485010176	44.2209	42.7398	0	0	-22	0	0	-1	3	3	134.91	2.71	0.61	0.22	0.0	0.0	-0.0	1	1	0	1
2	0	2023	4	25	9	54	8	485274880	44.2271	42.7312	0	0	-40	0	0	-1	3	3	134.62	2.72	0.61	0.44	0.0	0.0	-0.0	1	1	0	1
2	0	2023	4	25	9	54	8	708645120	44.1677	42.8790	0	0	-15	0	0	-1	2	1	122.91	5.70	0.81	0.97	2.4	1.5	-0.0	1	1	0	1
2	0	2023	4	25	9	56	37	235213056	44.1620	42.8083	0	0	-12	0	0	-1	2	1	122.81	6.42	0.80	0.94	5.1	1.0	-0.0	1	1	0	1
2	0	2023	4	25	10	3	31	847344128	44.2279	42.8433	0	0	-8	0	0	-1	2	1	120.86	8.26	0.89	4.44	13.9	9.4	-0.0	1	1	0	1
2	0	2023	4	25	10	3	31	878768128	44.2507	42.6948	0	0	8	0	0	-1	2	1	122.15	6.66	0.81	3.06	4.4	1.3	0.0	1	1	0	1
2	0	2023	4	25	10	7	21	768526848	44.2392	42.8696	0	0	-9	0	0	-1	3	3	7.68	1.08	0.46	3.23	2.7	0.8	-0.0	1	1	0	1
2	0	2023	4	25	10	7	22	19069184	44.2036	42.9160	0	0	-27	0	0	-1	3	3	123.22	4.63	0.75	1.92	3.8	17.0	-0.0	0	1	0	1
2	0	2023	4	25	10	7	22	19561984	44.2210	42.9027	0	0	6	0	0	-1	3	3	3.09	0.96	0.42	2.05	2.4	1.7	0.0	1	1	0	1
2	0	2023	4	25	10	7	22	60007168	44.3348	42.7602	0	0	46	0	0	-1	3	3	160.50	5.98	0.97	0.16	8.0	17.6	0.0	0	1	0	1
2	0	2023	4	25	10	9	38	978387200	47.6753	34.8621	0	0	-9	0	0	-1	3	3	81.82	2.88	0.49	0.02	0.0	0.0	-0.0	1	1	0	1
2	0	2023	4	25	10	9	38	978480896	47.6719	34.8464	0	0	-18	0	0	-1	3	3	81.70	2.88	0.49	0.05	0.0	0.0	-0.0	1	1	0	1
2	0	2023	4	25	10	9	50	306609664	45.4765	36.9617	0	0	-16	0	0	-1	3	3	87.34	2.42	0.96	1.79	9.3	4.8	-4.0	1	1	0	1
2	0	2023	4	25	10	10	39	409666560	47.2877	35.4809	0	0	-12	0	0	-1	3	3	78.88	1.50	0.51	0.03	8.6	7.6	-2.2	1	1	0	1
2	0	2023	4	25	10	10	39	420350720	47.2877	35.4988	0	0	-15	0	0	-1	2	1	84.80	16.27	0.56	0.06	19.2	5.0	-4.4	1	1	0	1
2	0	2023	4	25	10	11	35	189324800	53.9244	30.8523	0	0	29	0	0	-1	3	3	80.27	8.99	1.00	0.51	4.3	2.5	0.0	0	1	0	1
2	0	2023	4	25	10	12	50	488847616	47.0271	35.9981	0	0	-13	0	0	-1	3	3	79.83	2.12	0.46	0.62	7.4	3.5	-1.9	0	1	0	1
2	0	2023	4	25	10	14	1	771224576	53.9349	30.9223	0	0	-31	0	0	-1	5	7	89.87	3.35	0.75	1.10	16.0	9.5	-0.0	0	1	0	1
2	0	2023	4	25	10	14	7	336169984	55.1111	28.4785	0	0	194	0	0	-1	5	7	95.51	5.99	1.02	0.20	11.7	26.8	0.0	0	1	0	1
2	0	2023	4	25	10	14	37	816049152	47.2562	35.3372	0	0	-12	0	0	-1	2	1	84.74	21.60	0.57	0.32	2.5	2.2	-3.4	1	1	0	1
2	0	2023	4	25	10	17	37	504206080	44.3250	42.8318	0	0	31	0	0	-1	3	3	134.24	2.09	0.58	1.65	3.9	13.6	0.0	0	1	0	1
2	0	2023	4	25	10	17	37	617698560	44.2327	42.9760	0	0	-17	0	0	-1	2	1	118.44	5.71	0.90	0.94	9.3	1.3	-0.0	1	1	0	1
2	0	2023	4	25	10	17	59	315987712	47.2736	35.4859	0	0	15	0	0	-1	2	1	84.79	16.00	0.57	0.08	5.8	4.3	2.5	1	1	0	1
2	0	2023	4	25	10	17	59	331400960	47.2567	35.4744	0	0	19	0	0	-1	3	3	85.50	7.38	0.53	0.75	17.9	4.9	5.0	0	1	0	1
2	0	2023	4	25	10	17	59	396372480	47.2682	35.4449	0	0	-28	0	0	-1	6	9	75.73	1.32	0.40	0.32	2.2	26.1	-12.3	0	1	0	1
2	0	2023	4	25	10	18	3	893936640	47.6983	34.8302	0	0	-22	0	0	-1	5	7	83.06	1.55	0.48	0.62	4.2	13.1	-5.5	0	1	0	1
2	0	2023	4	25	10	20	45	77661440	47.2658	35.4689	0	0	20	0	0	-1	2	1	85.59	12.82	0.57	0.22	14.0	3.6	3.8	1	1	0	1
2	0	2023	4	25	10	20	45	78420224	47.2709	35.5399	0	0	22	0	0	-1	4	5	80.22	1.50	0.47	0.12	7.6	10.8	4.8	0	1	0	1
2	0	2023	4	25	10	20	45	137043200	47.3377	35.5577	0	0	-33	0	0	-1	6	9	76.44	1.29	0.40	0.33	4.8	24.6	-14.8	0	1	0	1
2	0	2023	4	25	10	23	4	208302336	47.2694	35.4550	0	0	-26	0	0	-1	6	9	76.00	1.39	0.40	0.32	6.3	25.9	-5.7	0	1	0	1
2	0	2023	4	25	10	23	32	968500992	54.7024	31.0234	0	0	-20	0	0	-1	4	5	87.70	7.75	1.04	1.20	2.3	0.8	-0.0	1	1	0	1
2	0	2023	4	25	10	23	37	368623360	44.2734	43.0053	0	0	-22	0	0	-1	3	3	135.64	2.22	0.61	1.36	3.3	29.6	-0.0	0	1	0	1
2	0	2023	4	25	10	23	37	369642496	44.2365	43.0521	0	0	-14	0	0	-1	3	3	177.52	1.03	0.45	2.76	2.5	20.1	-0.0	0	1	0	1
2	0	2023	4	25	10	23	38	278863104	47.2670	35.4636	0	0	-16	0	0	-1	4	5	80.57	1.48	0.48	0.40	2.0	25.4	-6.7	0	1	0	1
2	0	2023	4	25	10	23	38	345722624	47.2611	35.5102	0	0	-12	0	0	-1	3	3	79.77	3.71	0.47	0.38	3.0	21.1	-3.5	0	1	0	1
2	0	2023	4	25	10	24	53	407212032	47.2770	35.4947	0	0	-33	0	0	-1	6	9	75.57	1.31	0.40	0.12	7.2	19.9	-10.6	0	1	0	1
2	0	2023	4	25	10	24	53	455948032	47.2772	35.4683	0	0	-19	0	0	-1	4	5	87.88	2.29	0.50	0.17	4.0	15.5	-6.5	0	1	0	1
2	0	2023	4	25	10	24	53	486646784	47.2795	35.4898	0	0	-19	0	0	-1	3	3	87.86	2.19	0.54	0.30	5.3	25.4	-6.0	0	1	0	1
2	0	2023	4	25	10	24	53	533369856	47.2790	35.4745	0	0	-25	0	0	-1	6	9	75.93	1.31	0.40	0.28	3.2	26.1	-8.3	0	1	0	1
2	0	2023	4	25	10	25	12	550015232	44.1154	41.7572	0	0	-9	0	0	-1	3	3	169.86	0.83	0.44	2.97	2.4	0.6	-0.0	1	1	0	1
2	0	2023	4	25	10	26	13	885270784	47.2800	35.5003	0	0	-32	0	0	-1	6	9	76.01	1.30	0.40	0.33	5.1	25.9	-8.2	0	1	0	1
2	0	2023	4	25	10	26	13	924761856	47.2823	35.4867	0	0	-24	0	0	-1	5	7	80.30	1.42	0.46	0.29	2.3	32.9	-9.9	0	1	0	1
2	0	2023	4	25	10	26	13	977888768	47.2829	35.4938	0	0	-18	0	0	-1	4	5	79.68	1.43	0.47	0.06	2.3	21.8	-7.5	0	1	0	1
2	0	2023	4	25	10	26	14	33533952	47.2519	35.5221	0	0	-13	0	0	-1	4	5	79.23	1.50	0.47	0.22	2.4	28.3	-4.7	0	1	0	1
2	0	2023	4	25	10	26	55	382237440	44.2681	42.9804	0	0	-17	0	0	-1	2	1	118.08	5.86	0.96	6.44	6.8	1.7	-0.0	1	1	0	1
2	0	2023	4	25	10	27	3	429601024	54.7253	31.0196	0	0	74	0	0	-1	6	9	96.54	3.57	0.66	0.93	13.5	20.0	0.0	0	1	0	1
2	0	2023	4	25	10	27	10	95631872	47.2824	35.5099	0	0	-29	0	0	-1	5	7	80.13	1.43	0.45	0.16	4.1	23.7	-9.6	0	1	0	1
2	0	2023	4	25	10	27	10	140851456	47.2752	35.4897	0	0	-21	0	0	-1	5	7	81.19	1.44	0.46	0.32	3.6	21.2	-6.2	0	1	0	1
2	0	2023	4	25	10	27	10	306736128	47.2836	35.5277	0	0	-9	0	0	-1	2	1	85.66	24.44	0.56	0.01	1.4	24.6	-4.7	0	1	0	1
2	0	2023	4	25	10	27	18	766529792	44.0868	41.8034	0	0	-16	0	0	-1	3	3	151.24	1.29	0.52	1.74	12.5	1.2	-0.0	1	1	0	1
2	0	2023	4	25	10	27	19	33508608	44.0230	41.8941	0	0	8	0	0	-1	2	1	142.19	5.86	0.59	0.97	20.3	0.7	0.0	1	1	0	1
2	0	2023	4	25	10	28	11	663247104	47.2713	35.5196	0	0	-19	0	0	-1	3	3	78.94	1.49	0.51	0.29	4.8	4.5	-4.4	1	1	0	1
2	0	2023	4	25	10	28	11	684860928	47.2784	35.4959	0	0	-21	0	0	-1	5	7	81.35	1.41	0.46	0.42	5.0	19.9	-5.2	0	1	0	1
2	0	2023	4	25	10	28	11	722221568	47.2798	35.5024	0	0	-18	0	0	-1	5	7	81.12	1.43	0.46	0.25	3.9	26.8	-4.9	0	1	0	1
2	0	2023	4	25	10	28	11	769477888	47.2846	35.5314	0	0	-14	0	0	-1	4	5	80.21	1.53	0.47	0.18	2.2	23.2	-5.8	0	1	0	1
2	0	2023	4	25	10	28	46	792338176	44.2430	43.1793	0	0	-23	0	0	-1	2	1	115.32	6.30	0.95	0.22	11.1	0.8	-0.0	1	1	0	1
2	0	2023	4	25	10	29	12	37776128	47.2850	35.5116	0	0	-18	0	0	-1	4	5	79.57	1.50	0.47	0.20	4.5	17.9	-4.9	0	1	0	1
2	0	2023	4	25	10	29	12	74607104	47.2791	35.5412	0	0	-21	0	0	-1	5	7	81.35	1.51	0.46	0.56	4.0	11.2	-5.7	0	1	0	1
2	0	2023	4	25	10	29	12	127791616	47.2901	35.5126	0	0	-16	0	0	-1	4	5	79.32	1.49	0.47	0.25	1.9	22.9	-7.2	0	1	0	1
2	0	2023	4	25	10	30	1	369483520	47.2878	35.5798	0	0	-15	0	0	-1	2	1	85.65	15.47	0.56	0.02	4.0	19.5	-5.1	0	1	0	1
2	0	2023	4	25	10	30	1	400250368	47.2745	35.5478	0	0	-18	0	0	-1	4	5	79.94	1.41	0.47	0.02	5.0	10.1	-5.7	1	1	0	1
2	0	2023	4	25	10	30	1	422703360	47.2842	35.5201	0	0	-16	0	0	-1	3	3	89.50	2.43	0.54	0.23	1.8	23.6	-8.1	0	1	0	1
2	0	2023	4	25	10	30	1	468767488	47.2848	35.5155	0	0	-16	0	0	-1	4	5	79.21	1.49	0.46	0.12	1.9	28.6	-7.2	0	1	0	1
2	0	2023	4	25	10	30	1	576283136	47.2767	35.3901	0	0	-10	0	0	-1	2	1	84.74	24.94	0.57	0.18	1.6	17.2	-4.8	0	1	0	1
2	0	2023	4	25	10	30	19	464336640	44.3318	42.9229	0	0	-14	0	0	-1	2	1	117.58	6.06	0.88	3.96	3.8	1.1	-0.0	1	1	0	1
2	0	2023	4	25	10	30	19	479296512	44.3535	42.9113	0	0	-10	0	0	-1	2	1	117.02	6.38	0.89	2.11	12.3	8.6	-0.0	1	1	0	1
2	0	2023	4	25	10	30	29	171947520	44.0336	41.8604	0	0	-9	0	0	-1	2	1	140.93	5.35	0.57	1.52	2.1	9.9	-0.0	1	1	0	1
2	0	2023	4	25	10	32	50	991412992	50.3448	34.6119	0	0	-13	0	0	-1	3	3	63.66	5.92	0.98	0.07	0.0	0.0	-0.0	1	1	0	1
2	0	2023	4	25	10	32	50	991508480	50.3452	34.6153	0	0	-18	0	0	-1	3	3	63.66	5.89	0.97	0.09	0.0	0.0	-0.0	1	1	0	1
2	0	2023	4	25	10	32	50	991538176	50.3224	34.5785	0	0	-47	0	0	-1	5	7	46.99	3.00	0.76	1.71	12.9	4.2	-14.0	1	1	0	1
2	0	2023	4	25	10	32	50	992838400	50.3482	34.6112	0	0	-52	0	0	-1	7	11	78.66	0.99	0.40	0.89	7.1	28.9	-18.4	0	1	0	1
2	0	2023	4	25	10	32	51	5058048	50.3388	34.5949	0	0	-8	0	0	-1	2	1	61.79	22.90	0.94	0.36	6.7	5.9	-1.8	1	1	0	1
2	0	2023	4	25	10	34	3	69895168	47.2812	35.6604	0	0	-23	0	0	-1	5	7	81.63	1.40	0.45	0.16	3.6	18.9	-7.4	0	1	0	1
2	0	2023	4	25	10	36	13	920804352	47.2955	35.4679	0	0	-19	0	0	-1	5	7	81.40	1.52	0.47	0.30	3.1	24.9	-7.0	0	1	0	1
2	0	2023	4	25	10	37	37	105363200	47.2818	35.4814	0	0	-28	0	0	-1	6	9	76.06	1.33	0.40	0.38	3.2	19.2	-9.7	0	1	0	1
2	0	2023	4	25	10	38	45	857661696	47.4402	35.7329	0	0	-12	0	0	-1	4	5	79.93	1.45	0.50	0.56	0.0	0.0	-0.0	1	1	0	1
2	0	2023	4	25	10	38	45	857678080	47.3009	35.6021	0	0	21	0	0	-1	4	5	65.51	2.32	0.53	0.69	6.4	1.8	0.0	0	1	0	1
2	0	2023	4	25	10	39	37	202321920	47.9336	35.1360	0	0	23	0	0	-1	3	3	67.76	2.02	0.54	0.53	20.0	6.0	3.2	0	1	0	1
2	0	2023	4	25	10	43	31	867664640	43.7725	41.7503	0	0	4	0	0	-1	2	1	173.18	12.51	0.46	0.08	5.6	30.4	0.0	1	1	0	1
2	0	2023	4	25	10	45	17	863513088	44.0624	43.5083	0	0	-11	0	0	-1	2	1	116.50	15.59	1.13	6.03	29.3	0.8	-0.0	1	1	0	1
2	0	2023	4	25	10	46	58	672282880	44.2636	43.4486	0	0	-8	0	0	-1	2	1	109.63	18.49	1.19	0.43	3.3	1.3	-0.0	1	1	0	1
2	0	2023	4	25	10	46	58	798167808	50.6774	34.8932	0	0	-80	0	0	-1	8	13	78.89	0.84	0.40	0.78	12.2	28.9	-30.3	0	1	0	1
2	0	2023	4	25	10	46	58	808250112	50.6655	34.8361	0	0	-12	0	0	-1	4	5	68.19	4.52	0.75	0.12	7.5	6.2	-4.1	1	1	0	1
2	0	2023	4	25	10	47	21	646025984	44.0958	41.9306	0	0	-10	0	0	-1	2	1	140.03	4.49	0.57	1.52	8.6	1.4	-0.0	1	1	0	1
2	0	2023	4	25	10	47	56	933032448	49.7760	34.1889	0	0	-16	0	0	-1	4	5	58.76	7.20	0.97	0.23	0.0	0.0	-0.0	1	1	0	1
2	0	2023	4	25	10	47	56	933105920	49.8580	33.7900	0	0	10	0	0	-1	4	5	91.07	1.78	0.59	2.03	4.7	10.8	2.2	1	1	0	1
2	0	2023	4	25	10	47	56	933261056	49.8628	34.3860	0	0	8	0	0	-1	3	3	93.22	1.69	0.54	0.20	0.0	0.0	0.0	1	1	0	1
2	0	2023	4	25	10	47	56	933289984	49.8588	34.3232	0	0	21	0	0	-1	4	5	93.03	2.37	0.54	0.85	0.0	0.0	0.0	1	1	0	1
2	0	2023	4	25	10	47	56	935688192	49.7659	34.1408	0	0	-20	0	0	-1	5	7	93.61	1.39	0.52	0.26	4.6	34.1	-6.6	0	1	0	1
2	0	2023	4	25	10	48	1	852783360	50.3987	34.6356	0	0	-21	0	0	-1	3	3	93.31	1.69	0.54	0.01	0.0	0.0	-0.0	1	1	0	1
2	0	2023	4	25	10	48	1	852858624	50.4429	34.7675	0	0	-24	0	0	-1	3	3	91.96	1.57	0.54	1.14	11.8	4.1	-6.1	1	1	0	1
2	0	2023	4	25	10	48	1	868034816	50.3922	34.6505	0	0	167	0	0	-1	6	9	81.39	1.07	0.42	0.66	13.9	46.6	38.5	0	1	0	1
2	0	2023	4	25	10	50	56	684113408	54.1362	30.9358	0	0	-17	0	0	-1	3	3	79.03	8.23	1.08	2.14	2.9	1.1	-0.0	1	1	0	1
2	0	2023	4	25	10	51	9	293403904	44.3597	43.2198	0	0	-11	0	0	-1	2	1	112.44	9.75	1.06	2.09	5.2	0.5	-0.0	1	1	0	1
2	0	2023	4	25	10	55	3	221926912	40.0154	46.6113	0	0	16	0	0	-1	4	5	148.97	10.85	1.30	1.23	4.9	12.5	0.0	1	1	0	1
2	0	2023	4	25	10	57	6	376290304	55.2399	28.6402	0	0	63	0	0	-1	4	5	107.82	13.88	1.47	1.01	24.8	2.3	0.0	0	1	0	1
2	0	2023	4	25	10	58	18	874205440	50.4069	34.6740	0	0	63	0	0	-1	6	9	52.10	2.41	0.57	0.99	8.9	6.6	23.4	0	1	0	1
2	0	2023	4	25	10	58	18	969337344	50.3730	34.7559	0	0	-19	0	0	-1	5	7	87.91	1.22	0.44	0.37	4.5	20.1	-7.3	0	1	0	1
2	0	2023	4	25	10	58	54	672610048	44.0505	42.0116	0	0	-13	0	0	-1	2	1	138.51	3.90	0.60	0.03	25.3	15.3	-0.0	0	1	0	1
2	0	2023	4	25	10	59	11	811371776	44.3675	43.2087	0	0	-18	0	0	-1	2	1	111.95	6.95	1.02	4.42	5.1	19.4	-0.0	0	1	0	1
2	0	2023	4	25	11	0	3	401250304	45.4392	36.2477	0	0	-19	0	0	-1	3	3	63.16	2.14	0.54	0.06	4.5	4.7	-6.8	1	1	0	1
2	0	2023	4	25	11	0	5	8311040	50.3920	34.8148	0	0	-21	0	0	-1	3	3	97.55	2.06	0.50	0.18	0.0	0.0	-0.0	1	1	0	1
2	0	2023	4	25	11	0	5	8320256	50.4002	34.6223	0	0	18	0	0	-1	3	3	110.41	3.02	0.65	0.65	4.8	8.6	2.8	0	1	0	1
2	0	2023	4	25	11	0	5	9021952	50.4086	34.6568	0	0	-44	0	0	-1	6	9	83.06	1.04	0.43	1.24	25.2	17.6	-5.9	0	1	0	1
2	0	2023	4	25	11	3	38	642231296	44.0542	42.1167	0	0	-21	0	0	-1	2	1	137.97	3.19	0.62	3.37	28.5	13.9	-0.0	1	1	0	1
2	0	2023	4	25	11	5	1	612488960	45.4715	36.3114	0	0	-17	0	0	-1	3	3	72.30	2.40	0.55	0.01	0.0	0.0	-0.0	1	1	0	1
2	0	2023	4	25	11	5	1	612661504	45.4672	36.2922	0	0	-28	0	0	-1	3	3	72.23	2.29	0.55	0.03	0.0	0.0	-0.0	1	1	0	1
2	0	2023	4	25	11	12	11	940748032	54.0837	28.0467	0	0	216	0	0	-1	5	7	88.13	5.44	0.95	0.27	13.6	18.1	0.0	0	1	0	1
2	0	2023	4	25	11	13	31	928035840	55.9306	27.1074	0	0	52	0	0	-1	3	3	106.25	18.56	1.28	0.73	15.7	30.4	0.0	0	1	0	1
2	0	2023	4	25	11	15	17	494063616	45.4661	36.4783	0	0	-26	0	0	-1	3	3	71.69	2.34	0.54	0.25	0.0	0.0	-0.0	1	1	0	1
2	0	2023	4	25	11	15	17	494196224	45.5004	36.5785	0	0	-54	0	0	-1	3	3	73.56	1.96	0.54	0.90	6.2	5.5	-8.9	0	1	0	1
2	0	2023	4	25	11	15	17	494364672	46.0152	36.8112	0	0	24	0	0	-1	3	3	55.90	3.12	0.51	0.77	6.7	18.6	0.0	0	1	0	1
2	0	2023	4	25	11	16	46	879248640	45.4552	36.2845	0	0	-21	0	0	-1	3	3	64.42	2.12	0.54	0.22	6.0	2.4	-7.1	1	1	0	1
2	0	2023	4	25	11	17	22	887341568	50.2579	34.4027	0	0	13	0	0	-1	2	1	61.60	16.71	0.99	0.30	12.3	4.4	3.6	1	1	0	1
2	0	2023	4	25	11	17	22	893675264	50.3801	34.7202	0	0	9	0	0	-1	3	3	61.52	5.75	0.93	0.05	0.0	0.0	0.0	1	1	0	1
2	0	2023	4	25	11	17	22	943589888	50.5450	35.1234	0	0	6	0	0	-1	2	1	63.51	20.76	0.97	1.62	6.7	3.0	2.0	1	1	0	1
2	0	2023	4	25	11	19	15	413931520	50.0040	34.4825	0	0	-11	0	0	-1	3	3	92.68	1.67	0.54	0.69	9.6	12.8	-2.2	1	1	0	1
2	0	2023	4	25	11	25	5	617181440	45.5005	36.1262	0	0	-25	0	0	-1	2	1	108.47	23.72	2.07	3.05	14.5	4.0	-5.7	1	1	0	1
2	0	2023	4	25	11	25	26	216823552	50.8897	34.8560	0	0	-36	0	0	-1	3	3	38.00	7.51	0.92	1.64	3.0	1.1	-0.0	0	1	0	1
2	0	2023	4	25	11	25	26	217421056	50.0060	34.4657	0	0	-72	0	0	-1	6	9	85.02	1.29	0.40	0.84	13.5	33.6	-18.8	0	1	0	1
2	0	2023	4	25	11	25	26	223435008	50.0429	34.5735	0	0	-15	0	0	-1	2	1	57.05	15.26	1.02	0.35	10.7	5.7	-2.9	1	1	0	1
2	0	2023	4	25	11	25	26	225684480	50.0034	34.4712	0	0	-11	0	0	-1	3	3	54.87	7.37	1.06	0.05	4.1	6.1	-3.9	1	1	0	1
2	0	2023	4	25	11	26	45	380750592	54.2093	28.0104	0	0	94	0	0	-1	6	9	90.56	6.23	0.82	0.79	8.3	30.4	0.0	0	1	0	1
2	0	2023	4	25	11	26	50	412828928	44.0436	42.1998	0	0	-39	0	0	-1	2	1	137.28	2.74	0.61	0.07	13.0	1.8	-0.0	0	1	0	1
2	0	2023	4	25	11	27	48	807144192	50.0832	34.8938	0	0	16	0	0	-1	2	1	56.59	11.70	1.02	0.04	8.1	5.3	2.7	1	1	0	1
2	0	2023	4	25	11	27	48	839108864	49.9030	34.5017	0	0	-51	0	0	-1	9	15	77.00	0.89	0.40	0.54	8.2	17.5	-15.6	0	1	0	1
2	0	2023	4	25	11	28	30	795919360	54.1867	27.7192	0	0	30	0	0	-1	5	7	90.21	6.94	0.98	0.47	3.3	14.7	0.0	0	1	0	1
2	0	2023	4	25	11	30	53	260504576	45.5042	36.6358	0	0	-32	0	0	-1	4	5	73.16	2.03	0.54	1.01	26.8	7.2	-2.6	0	1	0	1
2	0	2023	4	25	11	31	15	933829632	50.0181	34.7500	0	0	7	0	0	-1	2	1	56.26	24.17	0.99	0.02	3.1	4.3	2.1	1	1	0	1
2	0	2023	4	25	11	31	15	993811712	49.9259	34.4621	0	0	-17	0	0	-1	5	7	94.56	1.45	0.53	0.64	6.6	16.9	-5.7	0	1	0	1
2	0	2023	4	25	11	33	19	359503872	44.0996	42.1876	0	0	-8	0	0	-1	2	1	134.14	5.69	0.64	3.32	1.2	1.7	-0.0	1	1	0	1
2	0	2023	4	25	11	35	59	491094528	53.7522	27.6806	0	0	172	0	0	-1	6	9	86.60	5.86	0.83	1.04	13.9	30.4	0.0	0	1	0	1
2	0	2023	4	25	11	39	41	157897216	46.7235	34.6304	0	0	-41	0	0	-1	3	3	71.89	4.28	0.70	0.49	6.2	6.5	-8.1	1	1	0	1
2	0	2023	4	25	11	39	55	898463744	48.6994	35.5504	0	0	-10	0	0	-1	3	3	102.21	2.67	0.58	0.14	4.3	5.1	-2.0	0	1	0	1
2	0	2023	4	25	11	42	57	178782208	44.1409	42.2118	0	0	-8	0	0	-1	2	1	132.92	5.28	0.63	4.03	27.8	11.8	-0.0	1	1	0	1
2	0	2023	4	25	11	45	13	466152448	47.7891	35.5374	0	0	-9	0	0	-1	3	3	82.44	2.82	0.47	0.14	0.0	0.0	-0.0	1	1	0	1
2	0	2023	4	25	11	46	38	868550656	53.0192	29.8017	0	0	-37	0	0	-1	3	3	86.97	11.70	1.46	0.71	8.6	14.8	-0.0	0	1	0	1
2	0	2023	4	25	11	46	47	54184192	44.1276	42.2169	0	0	-7	0	0	-1	2	1	133.43	6.13	0.62	0.07	2.9	0.8	-0.0	1	1	0	1
2	0	2023	4	25	11	46	47	265975296	44.0020	42.3365	0	0	8	0	0	-1	2	1	132.91	7.31	0.70	0.53	9.1	0.4	0.0	1	1	0	1
2	0	2023	4	25	11	47	32	205571840	47.8001	35.6318	0	0	-11	0	0	-1	3	3	82.76	2.61	0.47	0.01	0.0	0.0	-0.0	1	1	0	1
2	0	2023	4	25	11	47	32	205777920	47.7997	35.6269	0	0	-27	0	0	-1	3	3	83.21	2.79	0.46	0.03	0.0	0.0	-0.0	1	1	0	1
2	0	2023	4	25	11	47	32	205941504	48.0550	35.7738	0	0	-30	0	0	-1	3	3	84.78	2.30	0.46	2.22	9.7	6.0	-3.7	1	1	0	1
2	0	2023	4	25	11	47	32	205963264	47.7985	35.6117	0	0	-23	0	0	-1	3	3	83.17	2.81	0.46	0.02	0.0	0.0	-0.0	1	1	0	1
2	0	2023	4	25	11	47	32	446224640	47.8049	35.6807	0	0	11	0	0	-1	3	3	83.48	2.74	0.46	0.26	2.5	12.7	3.9	1	1	0	1
2	0	2023	4	25	11	48	46	628681216	47.8016	35.6461	0	0	-18	0	0	-1	4	5	82.46	1.36	0.46	0.52	4.5	6.1	-4.0	1	1	0	1
2	0	2023	4	25	11	48	46	628833536	47.8215	35.6721	0	0	-9	0	0	-1	3	3	39.30	8.46	0.99	0.05	0.0	0.0	-0.0	1	1	0	1
2	0	2023	4	25	11	48	46	628964096	47.8061	35.6507	0	0	-7	0	0	-1	3	3	39.11	7.27	0.99	0.04	0.0	0.0	-0.0	1	1	0	1
2	0	2023	4	25	11	48	46	629045248	47.8198	35.6731	0	0	-9	0	0	-1	3	3	36.79	6.46	1.02	0.07	0.0	0.0	-0.0	1	1	0	1
2	0	2023	4	25	11	49	11	806465536	50.0397	34.4095	0	0	-24	0	0	-1	4	5	92.39	1.39	0.55	0.09	0.0	0.0	-0.0	1	1	0	1
2	0	2023	4	25	11	49	11	806540032	50.0399	34.4063	0	0	-23	0	0	-1	4	5	92.55	1.38	0.54	0.08	0.0	0.0	-0.0	1	1	0	1
2	0	2023	4	25	11	51	17	579670528	47.3472	35.7105	0	0	-30	0	0	-1	6	9	76.83	1.29	0.40	0.57	4.7	16.8	-9.0	0	1	0	1
2	0	2023	4	25	11	54	27	963555840	48.7343	35.0745	0	0	-76	0	0	-1	8	13	74.92	0.92	0.40	0.33	14.7	23.6	-16.4	0	1	0	1
2	0	2023	4	25	11	55	35	422333696	54.0174	27.6208	0	0	101	0	0	-1	6	9	90.40	6.71	0.84	0.71	8.1	30.4	0.0	0	1	0	1
2	0	2023	4	25	11	56	15	913474560	47.7568	35.6449	0	0	-13	0	0	-1	4	5	83.04	1.34	0.47	0.13	5.0	18.7	-2.7	0	1	0	1
2	0	2023	4	25	11	56	15	933954048	47.7687	35.6498	0	0	-14	0	0	-1	3	3	93.06	2.24	0.54	0.13	2.3	17.0	-5.3	0	1	0	1
2	0	2023	4	25	11	56	15	988077056	47.7449	35.6485	0	0	-13	0	0	-1	3	3	93.07	2.25	0.54	0.67	4.2	14.9	-4.1	0	1	0	1
2	0	2023	4	25	11	56	16	11724032	47.7553	35.6382	0	0	-14	0	0	-1	4	5	80.65	1.30	0.44	0.23	2.7	15.4	-4.7	0	1	0	1
2	0	2023	4	25	11	57	16	775113728	47.7519	35.6316	0	0	-16	0	0	-1	4	5	92.03	2.36	0.50	0.15	2.2	25.8	-6.4	0	1	0	1
2	0	2023	4	25	11	57	16	825611264	47.7708	35.6441	0	0	-14	0	0	-1	4	5	82.09	1.37	0.46	0.49	3.5	13.4	-4.6	0	1	0	1
2	0	2023	4	25	11	57	16	936906496	47.6709	35.0057	0	0	-8	0	0	-1	3	3	79.39	1.61	0.53	0.12	2.4	19.4	-1.3	0	1	0	1
2	0	2023	4	25	11	57	16	937899008	47.7541	35.8475	0	0	-10	0	0	-1	2	1	89.13	18.65	0.55	0.20	1.8	23.5	-4.1	0	1	0	1
2	0	2023	4	25	11	57	45	335883008	47.7743	35.5903	0	0	-10	0	0	-1	3	3	92.16	2.14	0.55	0.23	2.8	22.2	-3.4	0	1	0	1
2	0	2023	4	25	11	58	24	904416768	47.7762	35.5998	0	0	-9	0	0	-1	2	1	88.25	20.88	0.56	0.13	2.5	12.5	-3.1	0	1	0	1
2	0	2023	4	25	11	58	24	993139968	47.7387	35.6105	0	0	-11	0	0	-1	3	3	92.88	2.25	0.54	0.20	2.2	9.1	-3.8	1	1	0	1
2	0	2023	4	25	11	59	24	781657856	47.7633	35.6527	0	0	-30	0	0	-1	6	9	79.17	1.31	0.40	0.19	6.8	26.8	-7.5	0	1	0	1
2	0	2023	4	25	11	59	24	820757760	47.7433	35.6459	0	0	-20	0	0	-1	5	7	83.51	1.31	0.45	0.30	2.6	24.6	-8.3	0	1	0	1
2	0	2023	4	25	11	59	24	882660864	47.7679	35.6411	0	0	-18	0	0	-1	5	7	83.30	1.31	0.45	0.36	4.0	30.4	-4.3	0	1	0	1
2	0	2023	4	25	12	0	26	61469440	47.7638	35.6664	0	0	-41	0	0	-1	6	9	80.31	1.27	0.40	0.50	7.8	19.1	-8.6	0	1	0	1
2	0	2023	4	25	12	0	26	61491712	47.7040	35.6401	0	0	27	0	0	-1	3	3	16.32	21.87	1.67	0.34	8.7	81.8	3.0	0	1	0	1
2	0	2023	4	25	12	0	26	79894528	47.7655	35.6642	0	0	-13	0	0	-1	3	3	81.55	1.37	0.50	0.11	2.8	21.1	-4.1	1	1	0	1
2	0	2023	4	25	12	0	26	124011008	47.7534	35.6540	0	0	-18	0	0	-1	5	7	84.68	1.34	0.45	0.20	3.4	29.4	-6.7	0	1	0	1
2	0	2023	4	25	12	0	26	219793664	47.7463	35.6788	0	0	-17	0	0	-1	5	7	84.07	1.31	0.45	0.26	3.2	21.2	-7.2	0	1	0	1
2	0	2023	4	25	12	0	26	329246464	47.7699	35.6678	0	0	-21	0	0	-1	5	7	84.84	1.33	0.45	0.08	2.6	19.1	-7.8	0	1	0	1
2	0	2023	4	25	12	1	34	214066944	47.7655	35.6660	0	0	-20	0	0	-1	5	7	84.13	1.30	0.45	0.43	3.2	25.4	-6.8	0	1	0	1
2	0	2023	4	25	12	1	45	891170560	54.3107	28.0448	0	0	-25	0	0	-1	3	3	86.61	12.27	1.28	1.30	8.7	30.4	-0.0	0	1	0	1
2	0	2023	4	25	12	2	5	277453824	44.1551	42.3118	0	0	-27	0	0	-1	3	3	134.48	2.61	0.62	0.87	7.9	0.8	-0.0	1	1	0	1
2	0	2023	4	25	12	3	3	645935104	44.1393	42.3394	0	0	-61	0	0	-1	3	3	132.07	2.19	0.63	0.14	15.0	8.0	-0.0	0	1	0	1
2	0	2023	4	25	12	3	28	121178624	47.7445	35.6715	0	0	-15	0	0	-1	5	7	84.54	1.32	0.45	0.09	5.7	25.4	-4.4	0	1	0	1
2	0	2023	4	25	12	3	28	177266944	47.7789	35.6536	0	0	-17	0	0	-1	5	7	84.06	1.30	0.45	0.17	3.5	15.2	-4.7	0	1	0	1
2	0	2023	4	25	12	4	2	543095040	44.2382	42.1980	0	0	8	0	0	-1	2	1	132.96	4.35	0.59	0.01	9.3	1.3	0.0	1	1	0	1
2	0	2023	4	25	12	4	35	592183808	47.7713	35.6764	0	0	-24	0	0	-1	6	9	79.76	1.24	0.40	0.37	5.0	21.6	-8.7	0	1	0	1
2	0	2023	4	25	12	4	35	615668224	47.7514	35.6739	0	0	-18	0	0	-1	5	7	83.33	1.38	0.45	0.24	4.3	16.6	-4.9	0	1	0	1
2	0	2023	4	25	12	5	25	180517120	44.1229	42.3257	0	0	35	0	0	-1	4	5	134.91	2.39	0.60	0.90	4.3	30.4	0.0	0	1	0	1
2	0	2023	4	25	12	5	29	841435648	49.9619	34.4292	0	0	-15	0	0	-1	4	5	92.58	1.37	0.54	0.14	0.0	0.0	-0.0	1	1	0	1
2	0	2023	4	25	12	5	29	841532928	49.9876	34.4212	0	0	-21	0	0	-1	3	3	59.46	11.20	0.94	2.02	2.5	3.4	-9.2	1	1	0	1
2	0	2023	4	25	12	5	56	789850880	47.7335	35.6898	0	0	-9	0	0	-1	3	3	81.85	2.79	0.46	0.11	2.9	22.8	-3.0	0	1	0	1
2	0	2023	4	25	12	6	47	730734592	47.7387	35.4435	0	0	-10	0	0	-1	2	1	89.09	20.81	0.58	0.38	1.4	12.0	-5.4	1	1	0	1
2	0	2023	4	25	12	6	47	761874944	47.7605	35.6159	0	0	-8	0	0	-1	2	1	88.23	24.70	0.57	0.10	1.8	16.0	-3.5	0	1	0	1
2	0	2023	4	25	12	6	47	841486336	47.7523	35.5328	0	0	10	0	0	-1	2	1	89.10	20.25	0.57	0.01	11.1	2.8	3.9	1	1	0	1
2	0	2023	4	25	12	8	34	923517440	44.0674	42.4588	0	0	14	0	0	-1	2	1	130.73	4.49	0.70	0.39	7.6	13.5	0.0	1	1	0	1
2	0	2023	4	25	12	8	34	934752000	44.1114	42.3967	0	0	12	0	0	-1	2	1	131.67	4.66	0.65	0.15	12.8	2.9	0.0	1	1	0	1
2	0	2023	4	25	12	9	26	131787264	44.1465	42.3380	0	0	-14	0	0	-1	2	1	132.26	3.81	0.65	0.07	3.3	1.0	-0.0	1	1	0	1
2	0	2023	4	25	12	9	51	74358528	47.7294	35.7045	0	0	-11	0	0	-1	3	3	91.30	2.18	0.53	0.39	2.0	23.9	-4.3	0	1	0	1
2	0	2023	4	25	12	10	4	249714688	46.9316	36.1021	0	0	-16	0	0	-1	3	3	32.79	10.84	1.04	0.20	1.6	3.5	-7.2	1	1	0	1
2	0	2023	4	25	12	10	55	475840512	44.1634	42.3584	0	0	-19	0	0	-1	2	1	132.52	3.15	0.64	0.10	8.3	8.6	-0.0	0	1	0	1
2	0	2023	4	25	12	11	0	635610112	47.7321	35.7345	0	0	-10	0	0	-1	2	1	89.12	18.34	0.55	0.01	3.5	3.1	-1.9	1	1	0	1
2	0	2023	4	25	12	11	0	643263232	47.7252	35.7080	0	0	-23	0	0	-1	5	7	86.28	1.40	0.48	0.57	3.9	24.1	-7.9	0	1	0	1
2	0	2023	4	25	12	11	0	659957504	47.7396	35.7189	0	0	-20	0	0	-1	4	5	37.64	5.06	1.00	0.37	2.9	32.5	-7.3	0	1	0	1
2	0	2023	4	25	12	11	18	528241664	46.8644	36.0650	0	0	-9	0	0	-1	3	3	33.25	8.88	1.04	0.10	1.3	4.7	-3.6	1	1	0	1
2	0	2023	4	25	12	11	18	657719040	46.9578	36.1182	0	0	24	0	0	-1	5	7	72.50	1.52	0.40	0.41	2.8	15.3	10.0	0	1	0	1
2	0	2023	4	25	12	11	21	554082304	44.1798	42.3486	0	0	-43	0	0	-1	2	1	133.06	2.47	0.63	5.87	18.2	8.9	-0.0	0	1	0	1
2	0	2023	4	25	12	11	50	649429248	44.1876	42.3436	0	0	-8	0	0	-1	3	3	175.91	0.82	0.47	0.40	5.5	1.1	-0.0	1	1	0	1
2	0	2023	4	25	12	12	6	621173760	47.7251	35.7193	0	0	-26	0	0	-1	6	9	78.38	1.24	0.40	0.45	4.5	30.9	-8.3	0	1	0	1
2	0	2023	4	25	12	12	18	481573632	44.1216	42.4120	0	0	-8	0	0	-1	2	1	130.37	6.06	0.67	0.71	2.4	0.8	-0.0	1	1	0	1
2	0	2023	4	25	12	12	41	735235072	46.9526	36.1484	0	0	-11	0	0	-1	3	3	78.18	4.43	0.45	0.26	1.0	2.7	-2.7	1	1	0	1
2	0	2023	4	25	12	12	49	208076032	49.9018	34.2343	0	0	-29	0	0	-1	3	3	55.66	10.48	0.92	0.35	10.7	4.3	-11.9	1	1	0	1
2	0	2023	4	25	12	12	53	49090048	44.1330	42.4423	0	0	-39	0	0	-1	3	3	131.00	2.65	0.75	1.03	15.5	1.5	-0.0	1	1	0	1
2	0	2023	4	25	12	13	28	863399424	47.7195	35.7105	0	0	-20	0	0	-1	5	7	81.22	1.27	0.42	0.67	5.8	22.5	-6.1	0	1	0	1
2	0	2023	4	25	12	15	2	768650752	47.7204	35.7241	0	0	-33	0	0	-1	6	9	78.61	1.23	0.40	0.30	4.7	38.1	-10.1	0	1	0	1
2	0	2023	4	25	12	15	2	778238976	47.7327	35.7237	0	0	-11	0	0	-1	3	3	92.20	2.14	0.53	0.04	2.4	15.7	-4.3	0	1	0	1
2	0	2023	4	25	12	16	0	285739264	44.2408	42.2681	0	0	7	0	0	-1	2	1	131.97	4.94	0.62	0.18	1.3	0.4	0.0	1	1	0	1
2	0	2023	4	25	12	16	9	599811072	47.7421	35.7238	0	0	16	0	0	-1	4	5	82.77	1.38	0.46	1.49	2.2	4.6	6.6	1	1	0	1
2	0	2023	4	25	12	16	9	603077632	47.7369	35.7029	0	0	16	0	0	-1	2	1	89.09	12.64	0.56	0.27	10.2	10.2	5.0	1	1	0	1
2	0	2023	4	25	12	16	13	101057536	50.9582	33.5107	0	0	6	0	0	-1	3	3	98.38	2.16	0.61	0.01	0.0	0.0	0.0	1	1	0	1
2	0	2023	4	25	12	16	13	101176576	50.9561	33.5112	0	0	-8	0	0	-1	3	3	98.37	2.16	0.61	0.02	0.0	0.0	-0.0	1	1	0	1
2	0	2023	4	25	12	17	9	91946240	47.7416	35.7369	0	0	10	0	0	-1	3	3	82.55	2.79	0.46	0.50	18.9	4.2	3.7	1	1	0	1
2	0	2023	4	25	12	17	9	92518400	47.7400	35.7334	0	0	11	0	0	-1	4	5	82.33	1.36	0.46	0.21	12.7	15.2	3.9	1	1	0	1
2	0	2023	4	25	12	17	9	346904576	47.8389	35.6337	0	0	-21	0	0	-1	5	7	84.56	1.31	0.45	0.10	4.0	21.8	-6.4	0	1	0	1
2	0	2023	4	25	12	17	47	172472064	47.7370	35.7405	0	0	-11	0	0	-1	4	5	82.37	1.31	0.46	0.06	0.0	0.0	-0.0	1	1	0	1
2	0	2023	4	25	12	17	47	172572160	47.8313	35.7908	0	0	-16	0	0	-1	3	3	82.26	2.91	0.46	0.45	3.6	5.2	-3.6	1	1	0	1
2	0	2023	4	25	12	18	54	262695680	44.1911	42.4018	0	0	-6	0	0	-1	3	3	0.14	0.80	0.44	0.85	2.4	0.5	-0.0	1	1	0	1
2	0	2023	4	25	12	18	58	192985088	47.7352	35.7290	0	0	-14	0	0	-1	3	3	96.50	2.91	0.56	0.22	6.0	33.5	-2.1	0	1	0	1
2	0	2023	4	25	12	18	58	193772544	47.7275	35.7468	0	0	-17	0	0	-1	4	5	83.73	1.32	0.47	0.17	28.0	11.5	-1.6	0	1	0	1
2	0	2023	4	25	12	19	15	994919424	46.9248	36.1182	0	0	-14	0	0	-1	3	3	80.22	2.25	0.47	0.67	10.6	3.6	-3.2	1	1	0	1
2	0	2023	4	25	12	19	55	671132416	50.0420	35.2703	0	0	9	0	0	-1	2	1	54.07	13.91	0.91	0.00	6.0	3.4	3.2	1	1	0	1
2	0	2023	4	25	12	19	55	679751680	49.9430	35.0663	0	0	10	0	0	-1	2	1	52.48	14.80	0.99	0.04	14.2	6.8	2.9	1	1	0	1
2	0	2023	4	25	12	19	55	734142464	49.8508	34.7406	0	0	-28	0	0	-1	6	9	84.47	1.07	0.44	0.25	4.0	22.4	-9.2	0	1	0	1
2	0	2023	4	25	12	20	1	397684992	47.7235	35.7424	0	0	-17	0	0	-1	3	3	92.12	2.13	0.53	0.11	3.0	16.9	-6.2	0	1	0	1
2	0	2023	4	25	12	21	22	603047936	47.7171	35.7675	0	0	-37	0	0	-1	6	9	79.44	1.22	0.40	0.47	3.6	27.8	-12.8	0	1	0	1
2	0	2023	4	25	12	22	26	990926336	47.5593	35.9133	0	0	201	0	0	-1	6	9	62.45	1.45	0.43	1.41	20.5	26.1	26.2	0	1	0	1
2	0	2023	4	25	12	22	33	119304192	47.7049	35.8198	0	0	-45	0	0	-1	6	9	78.99	1.17	0.40	0.43	4.9	22.8	-12.3	0	1	0	1
2	0	2023	4	25	12	22	33	143394048	47.7055	35.8196	0	0	-24	0	0	-1	5	7	84.61	1.29	0.44	0.28	3.4	21.2	-9.8	0	1	0	1
2	0	2023	4	25	12	23	53	966641152	47.7034	35.8140	0	0	-54	0	0	-1	6	9	79.06	1.21	0.40	0.68	7.0	29.1	-11.8	0	1	0	1
2	0	2023	4	25	12	23	53	972922880	47.6962	35.7397	0	0	-9	0	0	-1	3	3	82.53	2.80	0.46	0.16	2.1	17.3	-3.1	0	1	0	1
2	0	2023	4	25	12	23	53	993122048	47.6950	35.7452	0	0	-12	0	0	-1	4	5	81.82	1.34	0.46	0.27	1.7	15.4	-6.1	0	1	0	1
2	0	2023	4	25	12	25	15	198880768	47.6934	35.7619	0	0	-26	0	0	-1	4	5	38.13	5.79	1.00	0.22	6.6	23.4	-6.7	0	1	0	1
2	0	2023	4	25	12	25	15	199414016	47.7096	35.8093	0	0	-25	0	0	-1	5	7	84.02	1.30	0.45	0.53	6.5	11.3	-5.8	0	1	0	1
2	0	2023	4	25	12	25	15	252185600	47.6917	35.7601	0	0	-16	0	0	-1	3	3	92.64	2.00	0.53	0.99	1.9	22.9	-7.9	0	1	0	1
2	0	2023	4	25	12	26	22	407995136	47.5898	36.2716	0	0	25	0	0	-1	2	1	86.65	8.09	0.53	1.27	11.3	12.2	2.6	1	1	0	1
2	0	2023	4	25	12	26	24	995612416	47.7109	35.8132	0	0	-16	0	0	-1	4	5	83.06	1.25	0.45	0.33	3.5	17.9	-5.3	0	1	0	1
2	0	2023	4	25	12	28	8	402808832	48.0139	35.4487	0	0	-8	0	0	-1	3	3	84.31	2.58	0.47	0.07	1.8	2.4	-3.0	1	1	0	1
2	0	2023	4	25	12	29	53	506406144	47.1774	35.6524	0	0	106	0	0	-1	8	13	72.30	1.10	0.41	0.81	14.6	26.6	20.2	0	1	0	1
2	0	2023	4	25	12	30	30	928731392	48.0149	35.4581	0	0	-12	0	0	-1	3	3	82.33	1.40	0.51	0.42	5.7	4.6	-2.6	1	1	0	1
2	0	2023	4	25	12	30	45	756065280	46.6756	35.8713	0	0	23	0	0	-1	3	3	59.25	2.15	0.54	0.27	4.9	15.1	0.0	0	1	0	1
2	0	2023	4	25	12	32	19	846070016	47.1223	35.5884	0	0	-40	0	0	-1	5	7	65.14	1.91	0.47	0.83	3.8	3.8	-13.1	1	1	0	1
2	0	2023	4	25	12	32	19	846289152	47.1381	35.6095	0	0	-11	0	0	-1	3	3	35.61	9.62	1.09	0.00	0.0	0.0	-0.0	1	1	0	1
2	0	2023	4	25	12	33	11	164261632	46.9628	36.1641	0	0	-14	0	0	-1	4	5	78.21	1.34	0.45	0.38	2.6	9.1	-4.9	0	1	0	1
2	0	2023	4	25	12	35	42	191075584	46.8917	36.0501	0	0	25	0	0	-1	3	3	78.44	1.46	0.50	1.74	2.5	7.2	4.8	1	1	0	1
2	0	2023	4	25	12	39	23	550111488	46.9352	36.0810	0	0	-26	0	0	-1	3	3	33.75	10.42	1.07	0.03	0.0	0.0	-0.0	1	1	0	1
2	0	2023	4	25	12	39	23	550220032	46.9229	36.0683	0	0	-18	0	0	-1	3	3	33.63	12.56	1.06	0.01	0.0	0.0	-0.0	1	1	0	1
2	0	2023	4	25	12	42	43	641181696	47.1301	35.6169	0	0	-25	0	0	-1	2	1	83.09	10.62	0.57	0.02	7.5	2.3	-6.8	1	1	0	1
2	0	2023	4	25	12	42	43	641291008	47.1345	35.5569	0	0	-22	0	0	-1	4	5	78.69	1.56	0.48	0.12	0.0	0.0	-0.0	1	1	0	1
2	0	2023	4	25	12	44	46	44211456	46.1308	32.5764	0	0	11	0	0	-1	3	3	40.55	17.20	1.46	0.70	11.6	6.8	0.8	0	1	0	1
2	0	2023	4	25	12	47	36	257447424	47.1315	35.6921	0	0	-60	0	0	-1	4	5	79.25	1.44	0.46	0.09	0.0	0.0	-0.0	1	1	0	1
2	0	2023	4	25	12	47	36	257564416	47.1163	35.6793	0	0	-58	0	0	-1	3	3	36.47	11.00	1.08	0.09	0.0	0.0	-0.0	1	1	0	1
2	0	2023	4	25	12	47	36	258046464	47.1342	35.7050	0	0	-130	0	0	-1	7	11	73.44	1.12	0.41	1.21	10.2	32.1	-26.0	0	1	0	1
2	0	2023	4	25	12	52	11	149493248	46.7088	35.7412	0	0	-15	0	0	-1	3	3	84.00	2.11	0.54	0.10	4.2	20.5	-3.9	0	1	0	1
2	0	2023	4	25	13	0	10	760487168	47.6090	36.0906	0	0	-41	0	0	-1	4	5	82.36	1.95	0.43	0.85	7.3	4.4	-10.3	1	1	0	1
2	0	2023	4	25	13	0	10	853093888	47.5286	35.9448	0	0	19	0	0	-1	2	1	86.63	10.64	0.54	0.00	3.6	10.9	6.4	0	1	0	1
2	0	2023	4	25	13	0	10	900316160	47.6129	36.1367	0	0	-12	0	0	-1	4	5	81.93	1.26	0.45	0.16	1.8	22.6	-6.7	0	1	0	1
2	0	2023	4	25	13	11	2	62139136	47.0570	35.8321	0	0	126	0	0	-1	4	5	63.57	2.13	0.49	1.45	20.9	11.8	25.8	0	1	0	1
2	0	2023	4	25	13	14	33	805996544	47.2153	35.8913	0	0	-12	0	0	-1	2	1	84.18	18.01	0.55	0.35	2.1	2.9	-4.3	1	1	0	1
2	0	2023	4	25	13	14	33	823596544	47.0811	35.9222	0	0	28	0	0	-1	3	3	75.17	4.75	0.65	1.33	14.5	30.4	0.0	0	1	0	1
2	0	2023	4	25	13	14	34	170387968	47.1007	35.8723	0	0	35	0	0	-1	6	9	75.53	1.21	0.40	0.32	5.6	12.8	11.7	0	1	0	1
2	0	2023	4	25	13	15	56	283224576	47.1063	35.9166	0	0	65	0	0	-1	5	7	72.68	1.33	0.41	0.65	8.2	12.7	17.2	0	1	0	1
2	0	2023	4	25	13	18	41	225304576	47.0765	35.8850	0	0	44	0	0	-1	5	7	79.90	1.37	0.45	0.39	5.7	11.2	15.2	0	1	0	1
2	0	2023	4	25	13	20	12	484946432	54.0877	26.8268	0	0	-31	0	0	-1	3	3	86.28	12.15	1.35	0.25	6.0	17.8	-0.0	0	1	0	1
2	0	2023	4	25	13	20	34	721670912	47.0497	35.8465	0	0	-30	0	0	-1	5	7	64.62	1.89	0.47	0.47	3.5	3.0	-10.5	0	1	0	1
2	0	2023	4	25	13	23	40	271195392	47.0062	35.9958	0	0	-14	0	0	-1	4	5	79.39	1.47	0.46	0.39	2.5	25.2	-4.9	0	1	0	1
2	0	2023	4	25	13	24	13	162822144	54.9792	28.1158	0	0	32	0	0	-1	5	7	91.16	13.48	1.37	1.14	3.2	24.8	0.0	0	1	0	1
2	0	2023	4	25	13	25	39	649487616	46.9763	35.9417	0	0	-18	0	0	-1	3	3	86.64	2.03	0.52	0.32	5.1	19.7	-5.6	0	1	0	1
2	0	2023	4	25	13	25	39	924713984	46.9695	35.8913	0	0	-11	0	0	-1	3	3	77.09	3.61	0.46	0.40	1.5	5.0	-5.4	0	1	0	1
2	0	2023	4	25	13	26	25	745356544	55.0398	27.9575	0	0	37	0	0	-1	5	7	97.58	7.85	0.97	0.53	3.6	16.9	0.0	0	1	0	1
2	0	2023	4	25	13	27	2	939859456	47.0410	35.9963	0	0	-17	0	0	-1	3	3	86.63	2.13	0.52	0.45	3.0	15.2	-5.8	0	1	0	1
2	0	2023	4	25	13	32	7	360381440	47.6981	39.0212	0	0	-21	0	0	-1	5	7	85.68	0.75	0.40	0.83	5.0	16.1	-6.1	0	1	0	1
2	0	2023	4	25	13	33	40	341044736	47.0275	35.9502	0	0	-10	0	0	-1	2	1	82.65	20.83	0.54	0.25	1.6	11.5	-5.0	0	1	0	1
2	0	2023	4	25	13	33	40	510786304	47.0449	35.9270	0	0	-10	0	0	-1	2	1	84.19	20.90	0.55	0.10	1.6	18.2	-4.5	0	1	0	1
2	0	2023	4	25	13	33	49	701285120	47.0503	35.9929	0	0	13	0	0	-1	4	5	79.51	1.44	0.46	0.20	3.4	3.1	3.6	1	1	0	1
2	0	2023	4	25	13	34	30	176690688	47.0390	35.9133	0	0	-11	0	0	-1	2	1	82.47	20.35	0.55	0.03	2.6	16.0	-4.2	0	1	0	1
2	0	2023	4	25	13	36	1	870661120	47.0398	36.0151	0	0	12	0	0	-1	3	3	79.88	1.48	0.50	0.75	10.9	4.2	1.7	1	1	0	1
2	0	2023	4	25	13	36	41	465171200	47.0531	36.0406	0	0	-12	0	0	-1	3	3	87.93	1.99	0.52	0.20	1.7	11.7	-5.9	0	1	0	1
2	0	2023	4	25	13	36	56	244428544	54.0556	26.8335	0	0	-30	0	0	-1	4	5	85.85	10.36	1.40	0.59	11.1	19.1	-0.0	0	1	0	1
2	0	2023	4	25	13	40	0	802988544	47.0251	35.8611	0	0	11	0	0	-1	2	1	83.30	21.53	0.55	0.02	2.1	6.9	3.1	1	1	0	1
2	0	2023	4	25	13	40	37	374348544	47.0264	36.0134	0	0	-16	0	0	-1	3	3	78.43	1.45	0.49	0.46	6.2	9.1	-4.0	0	1	0	1
2	0	2023	4	25	13	40	37	487981312	47.0250	36.0039	0	0	-53	0	0	-1	6	9	74.76	1.20	0.40	0.26	4.7	8.4	-23.2	0	1	0	1
2	0	2023	4	25	13	42	17	41765120	47.0295	36.0174	0	0	14	0	0	-1	3	3	86.79	2.02	0.52	0.06	7.0	10.7	3.5	1	1	0	1
2	0	2023	4	25	13	42	45	594840832	47.0221	35.8949	0	0	-28	0	0	-1	5	7	81.93	1.75	0.46	0.80	5.4	25.6	-7.5	0	1	0	1
2	0	2023	4	25	13	43	18	564275200	47.0117	36.0391	0	0	-13	0	0	-1	3	3	78.43	3.96	0.46	0.27	1.4	20.1	-7.1	0	1	0	1
2	0	2023	4	25	13	43	52	25252608	54.5636	26.5456	0	0	37	0	0	-1	3	3	91.10	13.85	1.48	0.08	3.9	30.4	0.0	0	1	0	1
2	0	2023	4	25	13	45	6	149602048	47.0311	36.0260	0	0	-12	0	0	-1	4	5	78.52	1.39	0.46	0.04	2.4	12.6	-4.3	0	1	0	1
2	0	2023	4	25	13	48	38	376924672	47.0545	35.9298	0	0	10	0	0	-1	2	1	82.64	22.25	0.54	0.09	1.9	5.0	3.4	1	1	0	1
2	0	2023	4	25	13	50	30	415884800	54.5645	29.1620	0	0	37	0	0	-1	3	3	93.39	23.78	1.39	1.69	11.4	27.3	0.0	0	1	0	1
2	0	2023	4	25	13	51	40	997810944	47.0783	36.0987	0	0	-42	0	0	-1	3	3	34.51	9.51	1.06	0.15	3.6	3.8	-12.5	1	1	0	1
2	0	2023	4	25	13	51	40	997840128	47.0658	36.0984	0	0	-22	0	0	-1	3	3	87.04	2.02	0.52	0.06	0.0	0.0	-0.0	1	1	0	1
2	0	2023	4	25	13	53	34	61355776	44.5711	42.8178	0	0	-6	0	0	-1	2	1	111.55	6.09	0.87	0.19	5.0	0.5	-0.0	1	1	0	1
2	0	2023	4	25	13	53	34	296251136	44.5126	43.0585	0	0	7	0	0	-1	2	1	109.59	8.79	0.97	4.17	19.2	1.0	0.0	1	1	0	1
2	0	2023	4	25	13	54	28	75953664	47.0358	36.0524	0	0	14	0	0	-1	3	3	79.30	1.43	0.50	0.31	6.5	9.3	2.8	1	1	0	1
2	0	2023	4	25	13	54	28	997947904	50.1140	35.2427	0	0	-14	0	0	-1	2	1	54.93	9.90	0.89	0.01	5.2	3.5	-6.0	1	1	0	1
2	0	2023	4	25	13	54	28	998011648	50.1264	35.2548	0	0	-12	0	0	-1	3	3	54.20	5.25	0.88	0.01	0.0	0.0	-0.0	1	1	0	1
2	0	2023	4	25	13	54	29	7851264	50.0141	35.0083	0	0	-7	0	0	-1	2	1	54.43	20.98	0.94	0.54	2.7	15.6	-2.8	0	1	0	1
2	0	2023	4	25	13	54	29	8647680	50.1287	35.2764	0	0	-9	0	0	-1	2	1	54.65	13.77	0.90	0.61	4.5	4.0	-3.5	1	1	0	1
2	0	2023	4	25	13	54	29	61537024	50.0289	35.0293	0	0	-9	0	0	-1	2	1	54.50	16.82	0.95	0.09	3.6	11.5	-3.3	0	1	0	1
2	0	2023	4	25	13	55	47	793561344	50.1187	35.2021	0	0	-9	0	0	-1	3	3	56.14	14.17	0.76	0.15	3.9	22.1	-2.7	0	1	0	1
2	0	2023	4	25	13	57	47	689927424	46.9519	36.0643	0	0	-24	0	0	-1	6	9	74.47	1.20	0.40	0.23	4.2	15.9	-7.4	0	1	0	1
2	0	2023	4	25	13	58	1	349788416	44.5850	42.7724	0	0	-15	0	0	-1	3	3	132.84	1.82	0.59	1.96	6.3	1.0	-0.0	1	1	0	1
2	0	2023	4	25	13	59	17	976483072	46.9660	36.0709	0	0	-27	0	0	-1	6	9	75.17	1.25	0.40	0.22	5.2	26.4	-7.9	0	1	0	1
2	0	2023	4	25	13	59	23	980577792	44.6187	42.6736	0	0	-7	0	0	-1	2	1	114.75	3.94	0.86	0.58	6.1	0.7	-0.0	1	1	0	1
2	0	2023	4	25	13	59	51	446843392	43.9251	42.3620	0	0	-11	0	0	-1	3	3	172.17	0.92	0.45	0.04	6.8	1.9	-0.0	1	1	0	1
2	0	2023	4	25	14	1	39	754192896	44.6634	42.6678	0	0	-12	0	0	-1	2	1	120.36	3.23	0.86	2.50	14.9	1.3	-0.0	1	1	0	1
2	0	2023	4	25	14	2	12	106819840	46.9855	35.9799	0	0	-11	0	0	-1	2	1	81.85	19.76	0.54	0.02	1.7	15.7	-4.5	0	1	0	1
2	0	2023	4	25	14	6	45	688256000	55.3010	27.4089	0	0	45	0	0	-1	7	11	99.75	7.83	0.94	0.90	4.4	12.9	0.0	0	1	0	1
2	0	2023	4	25	14	8	14	543496448	59.7059	38.9263	0	0	229	0	0	-1	5	7	3.14	6.05	0.97	0.05	13.9	30.4	0.0	0	1	0	1
2	0	2023	4	25	14	8	21	24572416	44.6674	42.7188	0	0	-46	0	0	-1	3	3	145.41	3.98	0.78	1.07	12.6	9.3	-0.0	0	1	0	1
2	0	2023	4	25	14	10	27	428360960	44.6204	42.8298	0	0	-22	0	0	-1	4	5	127.53	2.08	0.54	0.86	5.8	0.7	-0.0	1	1	0	1
2	0	2023	4	25	14	12	16	945190144	43.9350	42.6685	0	0	-40	0	0	-1	3	3	129.90	3.75	0.77	1.90	3.5	1.8	-0.0	0	1	0	1
2	0	2023	4	25	14	13	42	995777024	44.0368	42.4866	0	0	-13	0	0	-1	2	1	130.16	5.37	0.70	0.75	3.6	8.5	-0.0	1	1	0	1
2	0	2023	4	25	14	13	43	372488960	43.9859	42.6580	0	0	-30	0	0	-1	3	3	129.29	4.06	0.75	0.79	3.0	30.4	-0.0	0	1	0	1
2	0	2023	4	25	14	15	0	734946048	44.6365	42.8347	0	0	-24	0	0	-1	3	3	130.15	2.45	0.57	0.43	10.0	6.5	-4.5	1	1	0	1
2	0	2023	4	25	14	17	0	330391552	44.6506	42.8284	0	0	-18	0	0	-1	3	3	133.85	1.89	0.56	1.63	4.9	1.0	-0.0	1	1	0	1
2	0	2023	4	25	14	18	30	121932544	47.3594	36.5862	0	0	142	0	0	-1	8	13	75.76	0.95	0.40	1.35	23.1	25.1	37.0	0	1	0	1
2	0	2023	4	25	14	22	48	419977472	53.2935	32.6870	0	0	-21	0	0	-1	3	3	64.10	7.76	0.99	1.93	3.1	8.5	-0.0	0	1	0	1
2	0	2023	4	25	14	22	56	453903616	43.9283	42.5212	0	0	-78	0	0	-1	4	5	135.46	2.69	0.74	3.79	12.0	1.2	-0.0	0	1	0	1
2	0	2023	4	25	14	23	13	780997120	43.9691	42.6187	0	0	-39	0	0	-1	4	5	130.40	3.07	0.73	1.18	6.4	10.1	-0.0	0	1	0	1
2	0	2023	4	25	14	24	46	860969472	48.2826	35.3210	0	0	-9	0	0	-1	3	3	86.14	2.23	0.47	0.57	3.4	3.8	-1.9	0	1	0	1
2	0	2023	4	25	14	24	47	30870528	48.2598	35.3087	0	0	48	0	0	-1	7	11	72.69	1.03	0.40	0.47	5.2	16.1	12.6	0	1	0	1
2	0	2023	4	25	14	26	45	653639680	47.3463	36.7771	0	0	18	0	0	-1	5	7	82.68	1.18	0.42	0.36	4.0	2.4	6.9	1	1	0	1
2	0	2023	4	25	14	26	45	887921408	47.3851	36.6926	0	0	-40	0	0	-1	6	9	75.48	1.15	0.43	0.75	7.8	22.0	-11.7	0	1	0	1
2	0	2023	4	25	14	29	4	512996608	48.2932	35.3435	0	0	-7	0	0	-1	3	3	85.95	2.38	0.47	0.18	0.0	0.0	-0.0	1	1	0	1
2	0	2023	4	25	14	29	4	612655872	48.2622	35.4656	0	0	49	0	0	-1	6	9	80.05	1.39	0.48	0.66	15.9	14.3	10.9	0	1	0	1
2	0	2023	4	25	14	29	10	594269696	53.3188	32.7787	0	0	-20	0	0	-1	3	3	62.49	5.80	0.95	1.39	3.3	1.5	-0.0	1	1	0	1
2	0	2023	4	25	14	29	33	220569344	43.9725	42.4950	0	0	-26	0	0	-1	2	1	132.47	3.98	0.70	3.27	19.8	0.6	-0.0	1	1	0	1
2	0	2023	4	25	14	29	33	660052736	43.9576	42.6507	0	0	-101	0	0	-1	2	1	130.37	3.37	0.74	0.66	17.6	17.3	-0.0	0	1	0	1
2	0	2023	4	25	14	29	33	707312128	43.9973	42.5563	0	0	-25	0	0	-1	4	5	30.89	1.76	0.59	1.02	4.6	17.4	-0.0	0	1	0	1
2	0	2023	4	25	14	29	53	390968832	55.4450	27.3711	0	0	48	0	0	-1	6	9	99.61	9.82	0.97	0.58	4.8	14.4	0.0	0	1	0	1
2	0	2023	4	25	14	30	9	90339840	47.3418	36.7961	0	0	-18	0	0	-1	4	5	83.74	1.90	0.42	0.05	4.6	15.4	-6.4	0	1	0	1
2	0	2023	4	25	14	30	9	95363584	47.3875	36.7370	0	0	-16	0	0	-1	5	7	83.92	1.18	0.42	0.16	3.3	19.9	-5.4	0	1	0	1
2	0	2023	4	25	14	31	53	1243392	48.2767	35.3102	0	0	-11	0	0	-1	3	3	85.00	2.40	0.48	0.17	0.0	0.0	-0.0	1	1	0	1
2	0	2023	4	25	14	33	25	412603136	48.2901	35.3606	0	0	-14	0	0	-1	5	7	87.24	1.32	0.46	0.18	2.6	13.3	-5.3	0	1	0	1
2	0	2023	4	25	14	35	51	328107008	43.9581	42.6712	0	0	-27	0	0	-1	3	3	129.80	4.22	0.73	0.36	5.2	8.5	-0.0	0	1	0	1
2	0	2023	4	25	14	35	51	643702272	44.0237	42.6126	0	0	-38	0	0	-1	4	5	135.49	2.60	0.63	1.97	5.2	22.8	-0.0	0	1	0	1
2	0	2023	4	25	14	35	51	739757312	44.0170	42.6171	0	0	-33	0	0	-1	3	3	136.40	2.99	0.65	1.46	1.8	21.1	-0.0	0	1	0	1
2	0	2023	4	25	14	35	51	769216512	43.9716	42.6700	0	0	-28	0	0	-1	3	3	140.06	4.45	0.69	1.77	1.8	19.1	-0.0	0	1	0	1
2	0	2023	4	25	14	36	20	778406400	48.2883	35.3735	0	0	-8	0	0	-1	3	3	85.02	2.41	0.48	0.04	0.0	0.0	-0.0	1	1	0	1
2	0	2023	4	25	14	36	20	778481408	48.2877	35.3747	0	0	21	0	0	-1	3	3	86.44	2.21	0.47	0.11	0.0	0.0	0.0	1	1	0	1
2	0	2023	4	25	14	36	20	778539264	48.2901	35.3494	0	0	-19	0	0	-1	4	5	86.02	1.39	0.48	0.13	0.0	0.0	-0.0	1	1	0	1
2	0	2023	4	25	14	36	20	778594560	48.2889	35.3731	0	0	27	0	0	-1	4	5	92.78	2.18	0.51	0.55	5.1	9.7	5.2	0	1	0	1
2	0	2023	4	25	14	36	20	779888640	48.2849	35.3758	0	0	-48	0	0	-1	5	7	82.25	1.29	0.41	0.70	10.6	30.6	-11.1	0	1	0	1
2	0	2023	4	25	14	36	24	833993984	55.4932	27.3907	0	0	32	0	0	-1	3	3	102.48	11.18	1.16	0.44	3.0	30.4	0.0	0	1	0	1
2	0	2023	4	25	14	38	1	765449728	44.0386	42.5935	0	0	-9	0	0	-1	3	3	176.25	0.90	0.44	0.97	11.9	1.1	-0.0	1	1	0	1
2	0	2023	4	25	14	38	37	959318528	48.2761	35.3619	0	0	12	0	0	-1	3	3	85.36	2.23	0.47	0.47	7.8	7.5	2.2	1	1	0	1
2	0	2023	4	25	14	38	38	43821056	48.2313	35.3572	0	0	-20	0	0	-1	5	7	85.64	1.30	0.46	0.05	5.0	13.5	-6.0	0	1	0	1
2	0	2023	4	25	14	39	50	215321856	48.2698	35.3686	0	0	-20	0	0	-1	4	5	84.90	1.34	0.47	0.34	5.2	18.6	-5.7	0	1	0	1
2	0	2023	4	25	14	41	30	622415616	48.2843	35.3829	0	0	-46	0	0	-1	6	9	82.52	1.26	0.40	0.25	8.1	20.1	-9.4	0	1	0	1
2	0	2023	4	25	14	41	30	641931776	48.2741	35.3636	0	0	-13	0	0	-1	4	5	98.30	2.78	0.56	0.70	2.5	17.8	-4.8	0	1	0	1
2	0	2023	4	25	14	41	39	824283904	41.3769	34.0839	0	0	128	0	0	-1	7	11	36.93	6.87	0.80	0.70	23.3	29.1	20.5	0	1	0	1
2	0	2023	4	25	14	42	28	567490304	42.2911	34.8086	0	0	7	0	0	-1	3	3	37.40	10.46	1.25	0.58	11.3	7.8	1.1	1	1	0	1
2	0	2023	4	25	14	43	39	432743680	48.2697	35.3793	0	0	-24	0	0	-1	4	5	87.59	1.81	0.45	0.20	6.8	16.4	-6.6	0	1	0	1
2	0	2023	4	25	14	43	39	440570880	48.2807	35.3862	0	0	-17	0	0	-1	4	5	84.16	1.34	0.48	0.28	18.7	11.6	-1.8	1	1	0	1
2	0	2023	4	25	14	43	39	443658752	48.2822	35.4035	0	0	-16	0	0	-1	5	7	87.54	1.30	0.46	0.47	5.7	23.4	-3.6	0	1	0	1
2	0	2023	4	25	14	45	38	105552896	44.0047	42.5909	0	0	-65	0	0	-1	4	5	132.53	2.72	0.67	1.71	6.8	16.6	-0.0	0	1	0	1
2	0	2023	4	25	14	45	38	136466176	44.0070	42.5869	0	0	-33	0	0	-1	4	5	132.68	2.68	0.66	1.21	2.5	13.0	-0.0	0	1	0	1
2	0	2023	4	25	14	46	34	983118336	48.3465	35.3359	0	0	-11	0	0	-1	3	3	83.71	1.35	0.51	0.17	1.9	4.7	-3.0	1	1	0	1
2	0	2023	4	25	14	47	50	514122752	43.9436	42.7337	0	0	-37	0	0	-1	2	1	129.44	4.29	0.76	2.34	5.6	1.2	-0.0	0	1	0	1
2	0	2023	4	25	14	48	8	65986816	48.1643	35.8766	0	0	-12	0	0	-1	3	3	99.26	2.71	0.55	0.06	0.0	0.0	-0.0	1	1	0	1
2	0	2023	4	25	14	48	8	73054720	48.2803	35.4226	0	0	-10	0	0	-1	4	5	85.28	1.32	0.47	0.20	4.0	15.9	-2.0	0	1	0	1
2	0	2023	4	25	14	49	13	668057344	48.2891	35.5696	0	0	-48	0	0	-1	6	9	82.98	1.25	0.40	0.78	10.3	3.6	-12.8	1	1	0	1
2	0	2023	4	25	14	49	13	668238336	48.2865	35.5225	0	0	-9	0	0	-1	3	3	86.16	2.37	0.46	0.00	0.0	0.0	-0.0	1	1	0	1
2	0	2023	4	25	14	49	17	746228992	55.6327	27.3481	0	0	30	0	0	-1	4	5	104.81	9.54	1.22	0.83	6.3	30.4	0.0	0	1	0	1
2	0	2023	4	25	14	49	17	828169728	43.9482	42.6447	0	0	-53	0	0	-1	2	1	130.18	3.58	0.75	1.39	11.8	27.2	-0.0	0	1	0	1
2	0	2023	4	25	14	51	7	976390400	43.9963	42.6553	0	0	-9	0	0	-1	2	1	128.17	8.29	0.75	0.04	7.2	10.1	-0.0	1	1	0	1
2	0	2023	4	25	14	52	3	2413056	55.4941	27.8666	0	0	22	0	0	-1	4	5	104.26	10.79	1.22	1.28	9.5	30.4	0.0	0	1	0	1
2	0	2023	4	25	14	52	19	61195520	47.8533	34.8397	0	0	-30	0	0	-1	3	3	41.59	8.51	1.07	0.23	0.0	0.0	-0.0	1	1	0	1
2	0	2023	4	25	14	52	19	62569728	48.2521	35.3721	0	0	-38	0	0	-1	4	5	72.26	1.83	0.50	1.37	6.2	32.4	-7.9	0	1	0	1
2	0	2023	4	25	14	52	57	314799360	48.2919	35.5794	0	0	-23	0	0	-1	3	3	97.95	2.38	0.55	0.85	3.9	6.2	-7.9	1	1	0	1
2	0	2023	4	25	14	52	57	317161472	48.2820	35.5746	0	0	-33	0	0	-1	6	9	82.70	1.21	0.40	0.24	8.0	27.7	-8.5	0	1	0	1
2	0	2023	4	25	14	53	46	243231488	55.6430	27.3091	0	0	-32	0	0	-1	5	7	104.64	7.91	1.14	0.77	4.9	12.6	-0.0	0	1	0	1
2	0	2023	4	25	14	55	14	748916224	48.2939	35.5956	0	0	-18	0	0	-1	5	7	87.20	1.27	0.45	0.26	3.7	21.7	-7.7	0	1	0	1
2	0	2023	4	25	14	56	18	477683968	44.0076	42.6675	0	0	-52	0	0	-1	2	1	130.33	3.58	0.74	1.77	9.9	1.4	-0.0	0	1	0	1
2	0	2023	4	25	14	58	14	315549440	48.3508	34.8817	0	0	-31	0	0	-1	3	3	104.88	4.09	0.78	1.33	13.5	4.3	-5.3	0	1	0	1
2	0	2023	4	25	14	58	14	317129728	48.3012	35.6115	0	0	-55	0	0	-1	6	9	82.69	1.16	0.40	0.47	11.2	26.4	-21.5	0	1	0	1
2	0	2023	4	25	14	58	21	758302720	44.7820	42.9748	0	0	-40	0	0	-1	3	3	125.36	3.00	0.60	1.69	7.6	4.3	-8.6	0	1	0	1
2	0	2023	4	25	15	5	40	759575808	48.0702	35.7385	0	0	50	0	0	-1	3	3	106.25	3.89	0.72	0.77	10.1	66.5	5.8	0	1	0	1
2	0	2023	4	25	15	6	34	724628736	44.7991	43.0519	0	0	-25	0	0	-1	3	3	127.64	2.47	0.57	0.18	28.2	9.9	-3.5	1	1	0	1
2	0	2023	4	25	15	8	16	472723968	48.2708	35.4603	0	0	-28	0	0	-1	3	3	83.10	1.37	0.51	0.04	0.0	0.0	-0.0	1	1	0	1
2	0	2023	4	25	15	8	16	472831232	48.2678	35.4591	0	0	-54	0	0	-1	6	9	75.18	1.01	0.40	0.51	3.6	2.4	-15.1	1	1	0	1
2	0	2023	4	25	15	8	16	472891136	48.2705	35.4645	0	0	-32	0	0	-1	3	3	83.09	1.37	0.51	0.05	0.0	0.0	-0.0	1	1	0	1
2	0	2023	4	25	15	8	16	473275392	48.2882	35.6152	0	0	-21	0	0	-1	3	3	86.17	2.36	0.46	0.15	0.0	0.0	-0.0	1	1	0	1
2	0	2023	4	25	15	10	5	683635200	55.5001	26.9343	0	0	30	0	0	-1	4	5	96.60	15.97	1.48	0.59	10.8	30.4	0.0	0	1	0	1
2	0	2023	4	25	15	10	13	638588160	48.2140	35.7045	0	0	-9	0	0	-1	3	3	85.37	2.39	0.46	0.77	1.6	2.8	-4.2	1	1	0	1
2	0	2023	4	25	15	14	1	888614912	48.1602	34.9600	0	0	-13	0	0	-1	3	3	71.22	2.73	0.51	0.55	5.3	8.3	-3.3	1	1	0	1
2	0	2023	4	25	15	15	55	577613568	48.2213	35.7027	0	0	-14	0	0	-1	3	3	83.51	1.26	0.50	0.02	0.0	0.0	-0.0	1	1	0	1
2	0	2023	4	25	15	15	55	577690624	48.2216	35.7235	0	0	-19	0	0	-1	3	3	82.56	1.28	0.50	0.11	6.0	9.7	-4.0	0	1	0	1
2	0	2023	4	25	15	17	6	500303616	48.0341	35.2756	0	0	-11	0	0	-1	3	3	83.26	2.45	0.48	0.64	2.2	5.8	-3.0	0	1	0	1
2	0	2023	4	25	15	17	6	505096192	48.2515	35.4463	0	0	-20	0	0	-1	5	7	86.65	1.24	0.45	0.13	7.2	22.7	-5.4	0	1	0	1
2	0	2023	4	25	15	17	6	506701312	48.2722	35.4685	0	0	13	0	0	-1	4	5	86.05	1.27	0.47	0.26	10.7	5.3	2.6	1	1	0	1
2	0	2023	4	25	15	19	53	69648896	49.4839	34.3508	0	0	-25	0	0	-1	6	9	85.39	1.13	0.45	0.64	4.6	3.8	-7.6	1	1	0	1
2	0	2023	4	25	15	20	32	691397632	48.2124	35.7178	0	0	-10	0	0	-1	3	3	83.19	1.32	0.51	0.40	6.0	10.8	-1.5	1	1	0	1
2	0	2023	4	25	15	21	1	198615296	48.2486	35.4556	0	0	-20	0	0	-1	5	7	86.50	1.27	0.45	0.04	3.5	12.8	-5.6	0	1	0	1
2	0	2023	4	25	15	21	1	208142336	48.2561	35.4611	0	0	-13	0	0	-1	3	3	97.96	2.64	0.56	0.08	2.0	14.1	-5.3	0	1	0	1
2	0	2023	4	25	15	21	45	464489984	48.2048	35.7371	0	0	-12	0	0	-1	3	3	39.46	6.36	0.96	2.53	27.4	3.8	-4.7	1	1	0	1
2	0	2023	4	25	15	22	36	537882368	48.2306	35.7189	0	0	33	0	0	-1	4	5	78.48	1.59	0.40	0.64	9.6	6.3	6.9	0	1	0	1
2	0	2023	4	25	15	23	13	141641984	56.1591	26.3270	0	0	31	0	0	-1	3	3	107.50	21.31	1.40	0.71	3.0	2.1	0.0	0	1	0	1
2	0	2023	4	25	15	23	44	221502976	48.2701	35.5063	0	0	-12	0	0	-1	4	5	85.34	1.32	0.47	0.36	2.8	20.1	-3.3	0	1	0	1
2	0	2023	4	25	15	28	46	581432832	48.2143	35.7517	0	0	-16	0	0	-1	4	5	85.12	1.25	0.46	0.04	0.0	0.0	-0.0	1	1	0	1
2	0	2023	4	25	15	28	46	581525760	48.2154	35.7533	0	0	-37	0	0	-1	4	5	84.78	1.25	0.46	0.11	0.0	0.0	-0.0	1	1	0	1
2	0	2023	4	25	15	28	46	581542656	48.2142	35.7432	0	0	-12	0	0	-1	3	3	84.76	2.39	0.46	0.00	0.0	0.0	-0.0	1	1	0	1
2	0	2023	4	25	15	28	46	581569792	48.2137	35.7270	0	0	7	0	0	-1	3	3	97.21	2.34	0.55	0.01	0.0	0.0	0.0	1	1	0	1
2	0	2023	4	25	15	28	46	581652736	48.3563	35.6434	0	0	-52	0	0	-1	3	3	69.78	1.65	0.51	2.08	7.6	18.4	-8.9	0	1	0	1
2	0	2023	4	25	15	28	46	581931008	48.2118	35.7367	0	0	16	0	0	-1	3	3	85.46	2.37	0.46	0.00	0.0	0.0	0.0	1	1	0	1
2	0	2023	4	25	15	30	26	410125824	48.2136	35.4845	0	0	-12	0	0	-1	3	3	97.23	2.52	0.56	0.43	2.9	18.9	-4.6	0	1	0	1
2	0	2023	4	25	15	31	7	415096576	48.1952	35.6389	0	0	-20	0	0	-1	3	3	41.60	6.43	0.96	0.25	0.0	0.0	-0.0	1	1	0	1
2	0	2023	4	25	15	31	7	415135744	48.1996	35.6446	0	0	-24	0	0	-1	3	3	41.41	7.32	0.96	0.34	0.0	0.0	-0.0	1	1	0	1
2	0	2023	4	25	15	31	7	415197184	48.1793	35.6264	0	0	-20	0	0	-1	3	3	40.59	6.81	0.97	0.26	0.0	0.0	-0.0	1	1	0	1
2	0	2023	4	25	15	31	7	415235072	48.2059	35.6554	0	0	-19	0	0	-1	3	3	40.57	6.81	0.97	0.31	0.0	0.0	-0.0	1	1	0	1
2	0	2023	4	25	15	31	7	416620032	48.2127	35.7499	0	0	-50	0	0	-1	5	7	79.06	1.34	0.49	1.44	16.9	22.0	-5.5	0	1	0	1
2	0	2023	4	25	15	31	7	420854784	48.2148	35.7501	0	0	-15	0	0	-1	4	5	85.63	1.30	0.46	0.24	25.6	8.4	-2.9	1	1	0	1
2	0	2023	4	25	15	31	58	89292800	55.7801	26.6610	0	0	118	0	0	-1	6	9	103.64	7.74	1.06	1.01	6.9	30.4	0.0	0	1	0	1
2	0	2023	4	25	15	32	16	667872256	41.7210	34.3287	0	0	-96	0	0	-1	7	11	38.08	5.91	0.74	0.47	13.9	24.2	-21.5	0	1	0	1
2	0	2023	4	25	15	32	16	715590656	41.7368	34.3401	0	0	-51	0	0	-1	4	5	36.98	10.61	1.12	0.26	26.2	24.1	-10.8	0	1	0	1
2	0	2023	4	25	15	32	58	322318336	48.2164	35.8131	0	0	-11	0	0	-1	3	3	98.06	2.31	0.53	0.05	0.0	0.0	-0.0	1	1	0	1
2	0	2023	4	25	15	32	58	322378752	48.2167	35.8136	0	0	-13	0	0	-1	3	3	97.22	2.19	0.54	0.06	0.0	0.0	-0.0	1	1	0	1
2	0	2023	4	25	15	32	58	323502336	48.2247	35.7680	0	0	-73	0	0	-1	7	11	74.20	1.09	0.40	0.53	9.5	27.8	-14.3	0	1	0	1
2	0	2023	4	25	15	32	58	340589824	48.2162	35.7498	0	0	-12	0	0	-1	5	7	86.73	1.24	0.44	0.06	3.8	30.4	-4.5	0	1	0	1
2	0	2023	4	25	15	32	58	890547200	48.2080	35.7882	0	0	-16	0	0	-1	4	5	85.99	1.27	0.46	0.30	3.9	9.2	-5.1	0	1	0	1
2	0	2023	4	25	15	33	42	344612864	49.6289	33.9121	0	0	19	0	0	-1	3	3	91.77	1.88	0.55	1.52	5.2	5.5	3.9	1	1	0	1
2	0	2023	4	25	15	33	42	453044992	49.4274	34.3231	0	0	-14	0	0	-1	5	7	91.58	1.41	0.52	0.38	3.2	18.1	-4.5	0	1	0	1
2	0	2023	4	25	15	33	42	465864448	49.5303	34.3024	0	0	-12	0	0	-1	3	3	92.38	1.79	0.54	0.74	1.9	19.2	-5.5	0	1	0	1
2	0	2023	4	25	15	34	58	921175040	48.2155	35.8566	0	0	-58	0	0	-1	6	9	82.34	1.12	0.40	0.47	5.2	24.2	-15.0	0	1	0	1
2	0	2023	4	25	15	34	59	48722944	48.2131	35.8592	0	0	-55	0	0	-1	6	9	81.39	1.04	0.41	0.29	7.5	19.1	-14.6	0	1	0	1
2	0	2023	4	25	15	35	1	989703936	55.8712	29.5566	0	0	-20	0	0	-1	3	3	109.66	8.68	1.14	2.03	9.2	1.5	-0.0	1	1	0	1
2	0	2023	4	25	15	36	9	726426880	48.2146	35.8759	0	0	-49	0	0	-1	5	7	85.91	1.20	0.44	0.71	8.3	37.0	-11.6	0	1	0	1
2	0	2023	4	25	15	36	9	804466688	48.1621	35.8008	0	0	-18	0	0	-1	5	7	86.63	1.24	0.44	0.11	6.3	26.2	-5.9	0	1	0	1
2	0	2023	4	25	15	37	55	76365056	48.1970	35.8111	0	0	18	0	0	-1	4	5	84.85	1.29	0.49	0.52	15.4	10.4	1.2	1	1	0	1
2	0	2023	4	25	15	37	55	85319936	48.2067	35.8757	0	0	-53	0	0	-1	7	11	79.43	1.10	0.40	0.56	7.5	23.0	-11.4	0	1	0	1
2	0	2023	4	25	15	37	55	99668224	48.2460	35.9015	0	0	-23	0	0	-1	5	7	86.42	1.29	0.45	0.32	3.5	8.8	-7.9	0	1	0	1
2	0	2023	4	25	15	38	2	999176448	48.3615	35.7202	0	0	-19	0	0	-1	5	7	85.11	1.53	0.52	1.25	7.2	2.0	-7.2	1	1	0	1
2	0	2023	4	25	15	38	2	999230208	48.2504	35.5840	0	0	-17	0	0	-1	4	5	40.73	6.14	0.96	0.39	0.0	0.0	-0.0	1	1	0	1
2	0	2023	4	25	15	39	2	448708608	49.5428	33.8756	0	0	-21	0	0	-1	3	3	91.17	1.93	0.55	2.51	9.2	6.2	-5.7	1	1	0	1
2	0	2023	4	25	15	39	27	596086272	48.1916	35.7883	0	0	-42	0	0	-1	6	9	82.43	1.16	0.40	0.38	9.3	23.1	-8.9	0	1	0	1
2	0	2023	4	25	15	41	57	448403712	48.2313	35.5292	0	0	-8	0	0	-1	3	3	84.79	2.26	0.46	0.03	0.0	0.0	-0.0	1	1	0	1
2	0	2023	4	25	15	41	57	448684800	48.2311	35.5361	0	0	26	0	0	-1	3	3	85.93	3.97	0.64	0.63	10.1	2.3	0.0	0	1	0	1
2	0	2023	4	25	15	41	57	448808192	48.2345	35.5397	0	0	-11	0	0	-1	3	3	85.24	2.39	0.47	0.07	0.0	0.0	-0.0	1	1	0	1
2	0	2023	4	25	15	44	23	247626752	49.4027	34.4450	0	0	-51	0	0	-1	7	11	83.46	1.13	0.40	0.79	6.7	25.8	-17.9	0	1	0	1
2	0	2023	4	25	15	44	23	254092544	49.4150	34.4579	0	0	-22	0	0	-1	5	7	92.04	1.36	0.51	0.65	9.9	26.1	-4.6	0	1	0	1
2	0	2023	4	25	15	45	12	556338688	48.2254	35.5718	0	0	-25	0	0	-1	3	3	91.05	2.77	0.55	0.47	15.9	7.8	-3.2	0	1	0	1
2	0	2023	4	25	15	45	17	117782272	48.1917	35.8647	0	0	-40	0	0	-1	6	9	81.83	1.12	0.40	0.43	3.9	25.9	-12.5	0	1	0	1
2	0	2023	4	25	15	45	17	124084736	48.2002	35.8268	0	0	-20	0	0	-1	5	7	85.90	1.27	0.45	0.53	15.1	10.1	-3.3	0	1	0	1
2	0	2023	4	25	15	45	17	125382656	48.2013	35.8143	0	0	-28	0	0	-1	6	9	82.24	1.12	0.40	0.21	4.3	34.0	-10.2	0	1	0	1
2	0	2023	4	25	15	46	14	400640	49.4218	34.4625	0	0	-30	0	0	-1	6	9	84.55	1.13	0.45	0.42	5.0	25.4	-9.7	0	1	0	1
2	0	2023	4	25	15	47	19	810398464	48.1794	35.8388	0	0	-17	0	0	-1	4	5	41.47	5.96	0.95	0.72	3.7	4.0	-4.7	1	1	0	1
2	0	2023	4	25	15	47	31	405406464	49.4922	34.4278	0	0	72	0	0	-1	7	11	76.43	0.92	0.42	0.48	25.9	27.7	7.5	0	1	0	1
2	0	2023	4	25	15	49	19	757554944	49.3998	34.4557	0	0	-14	0	0	-1	4	5	90.15	1.39	0.53	0.20	7.3	8.0	-4.2	1	1	0	1
2	0	2023	4	25	15	50	0	160111616	48.2030	35.5958	0	0	7	0	0	-1	3	3	84.48	2.40	0.47	0.20	3.2	3.3	2.2	1	1	0	1
2	0	2023	4	25	15	51	28	340151040	48.1870	35.7404	0	0	-9	0	0	-1	3	3	84.69	2.40	0.46	0.01	0.0	0.0	-0.0	1	1	0	1
2	0	2023	4	25	15	51	28	340215552	48.1855	35.7350	0	0	-12	0	0	-1	3	3	83.83	2.41	0.46	0.01	0.0	0.0	-0.0	1	1	0	1
2	0	2023	4	25	15	51	28	340254208	48.1857	35.7388	0	0	-21	0	0	-1	3	3	84.93	2.24	0.46	0.05	0.0	0.0	-0.0	1	1	0	1
2	0	2023	4	25	15	51	28	340320256	48.2788	35.7131	0	0	16	0	0	-1	3	3	85.95	1.99	0.47	0.32	6.0	7.5	3.0	1	1	0	1
2	0	2023	4	25	15	51	28	341308160	48.1877	35.8878	0	0	-59	0	0	-1	6	9	82.23	1.06	0.41	0.74	19.4	29.4	-6.5	0	1	0	1
2	0	2023	4	25	15	51	28	343313408	48.1830	35.9010	0	0	-9	0	0	-1	3	3	84.54	2.52	0.46	0.23	21.4	3.7	-1.1	1	1	0	1
2	0	2023	4	25	15	51	28	349380864	48.1898	35.8734	0	0	-15	0	0	-1	5	7	86.57	1.22	0.45	0.36	4.8	26.6	-3.3	0	1	0	1
2	0	2023	4	25	15	52	46	882558464	49.4073	34.4672	0	0	12	0	0	-1	4	5	90.73	1.38	0.53	1.19	8.7	4.3	2.2	1	1	0	1
2	0	2023	4	25	15	53	27	221288448	48.2059	35.6150	0	0	-9	0	0	-1	3	3	84.39	2.41	0.46	0.25	1.9	3.1	-3.5	1	1	0	1
2	0	2023	4	25	15	53	28	505063168	49.3994	34.4697	0	0	-16	0	0	-1	4	5	91.02	1.36	0.53	1.15	4.0	2.8	-6.0	1	1	0	1
2	0	2023	4	25	15	56	34	577130496	39.9787	46.4658	0	0	-14	0	0	-1	4	5	148.09	10.74	1.28	0.96	6.8	29.9	-0.0	0	1	0	1
2	0	2023	4	25	15	59	7	818910208	48.1943	35.5877	0	0	-25	0	0	-1	5	7	85.64	1.26	0.45	0.09	4.7	33.4	-5.0	0	1	0	1
2	0	2023	4	25	16	0	32	69705728	48.1646	35.6774	0	0	-13	0	0	-1	5	7	86.93	1.25	0.44	0.13	2.6	16.8	-5.2	0	1	0	1
2	0	2023	4	25	16	2	20	544225024	49.3906	34.5520	0	0	-10	0	0	-1	3	3	90.54	1.71	0.52	0.43	2.5	16.0	-4.2	0	1	0	1
2	0	2023	4	25	16	3	0	588348160	48.1694	35.6865	0	0	-17	0	0	-1	5	7	85.39	1.27	0.45	0.11	4.2	17.1	-5.4	0	1	0	1
2	0	2023	4	25	16	4	19	474502912	48.1622	35.6824	0	0	-12	0	0	-1	3	3	41.57	6.44	0.96	0.52	3.6	19.1	-4.3	0	1	0	1
2	0	2023	4	25	16	7	28	276386304	49.6454	35.7445	0	0	8	0	0	-1	2	1	41.00	13.51	1.04	2.18	9.2	5.5	2.0	1	1	0	1
2	0	2023	4	25	16	7	28	278930432	49.3728	34.4586	0	0	14	0	0	-1	2	1	46.64	22.70	1.30	0.02	4.5	6.9	3.9	1	1	0	1
2	0	2023	4	25	16	7	28	287140352	49.5800	34.8000	0	0	14	0	0	-1	2	1	49.38	17.68	1.17	0.03	15.4	4.2	4.5	1	1	0	1
2	0	2023	4	25	16	7	28	850402560	49.4548	34.5584	0	0	-61	0	0	-1	8	13	76.14	0.88	0.40	0.59	10.8	29.9	-12.4	0	1	0	1
2	0	2023	4	25	16	9	1	247268608	49.3753	34.5033	0	0	-18	0	0	-1	5	7	90.99	1.38	0.50	0.28	3.0	21.6	-7.1	0	1	0	1
2	0	2023	4	25	16	13	46	510576384	49.5605	34.8585	0	0	12	0	0	-1	2	1	48.37	18.90	1.20	0.24	3.0	2.0	3.8	1	1	0	1
2	0	2023	4	25	16	13	46	511685376	49.4752	34.7246	0	0	14	0	0	-1	2	1	45.60	19.33	1.15	0.52	5.9	8.4	3.9	1	1	0	1
2	0	2023	4	25	16	13	46	514577920	49.3659	34.5716	0	0	94	0	0	-1	6	9	44.09	3.21	0.61	0.76	25.4	27.9	14.1	0	1	0	1
2	0	2023	4	25	16	13	46	530891008	49.4846	34.7674	0	0	12	0	0	-1	2	1	47.21	22.78	1.22	0.40	2.2	22.2	5.5	0	1	0	1
2	0	2023	4	25	16	18	20	130434304	49.4848	34.7559	0	0	-23	0	0	-1	2	1	47.23	14.10	1.18	2.54	5.5	5.8	-4.2	1	1	0	1
2	0	2023	4	25	16	26	35	901430528	54.8884	34.8331	0	0	12	0	0	-1	3	3	107.72	13.28	1.42	0.38	11.7	30.4	0.0	1	1	0	1
2	0	2023	4	25	16	29	0	81693952	49.7217	35.1896	0	0	13	0	0	-1	2	1	47.43	13.40	1.14	0.92	12.5	6.6	3.1	1	1	0	1
2	0	2023	4	25	16	29	0	94201600	49.6605	35.0796	0	0	10	0	0	-1	2	1	47.13	17.78	1.06	0.00	10.6	8.4	3.3	1	1	0	1
2	0	2023	4	25	16	32	16	154991872	48.1659	36.0639	0	0	-13	0	0	-1	4	5	85.84	1.25	0.49	0.41	0.0	0.0	-0.0	1	1	0	1
2	0	2023	4	25	16	32	16	155032576	48.1734	36.0194	0	0	-10	0	0	-1	3	3	95.78	1.99	0.52	0.03	0.0	0.0	-0.0	1	1	0	1
2	0	2023	4	25	16	32	16	155076096	48.1646	36.0577	0	0	-20	0	0	-1	4	5	85.01	1.25	0.48	0.46	0.0	0.0	-0.0	1	1	0	1
2	0	2023	4	25	16	32	16	155091968	48.1654	36.0610	0	0	-15	0	0	-1	4	5	84.81	1.29	0.49	0.43	0.0	0.0	-0.0	1	1	0	1
2	0	2023	4	25	16	32	16	155110400	48.1661	36.0655	0	0	-18	0	0	-1	4	5	84.08	1.24	0.48	0.41	0.0	0.0	-0.0	1	1	0	1
2	0	2023	4	25	16	32	16	155139584	48.1703	36.1146	0	0	-46	0	0	-1	7	11	72.54	0.94	0.40	1.34	5.2	5.7	-14.0	1	1	0	1
2	0	2023	4	25	16	32	16	155218432	48.2596	36.1695	0	0	-13	0	0	-1	3	3	41.21	6.96	0.90	0.03	0.0	0.0	-0.0	1	1	0	1
2	0	2023	4	25	16	32	16	155250688	48.2504	36.1686	0	0	-28	0	0	-1	3	3	39.25	5.90	0.90	0.13	0.0	0.0	-0.0	1	1	0	1
2	0	2023	4	25	16	32	16	155296768	48.2624	36.1849	0	0	-26	0	0	-1	3	3	40.19	6.36	0.91	0.10	0.0	0.0	-0.0	1	1	0	1
2	0	2023	4	25	16	37	14	956144384	48.1876	36.1456	0	0	-17	0	0	-1	4	5	84.26	1.22	0.49	0.62	0.0	0.0	-0.0	1	1	0	1
2	0	2023	4	25	16	37	14	956248320	48.1869	36.1450	0	0	-16	0	0	-1	4	5	85.50	1.27	0.51	0.61	0.0	0.0	-0.0	1	1	0	1
2	0	2023	4	25	16	37	14	956300032	48.1860	36.1420	0	0	-12	0	0	-1	4	5	84.74	1.25	0.49	0.56	0.0	0.0	-0.0	1	1	0	1
2	0	2023	4	25	16	37	14	956390400	48.1849	36.1363	0	0	-11	0	0	-1	4	5	84.86	1.24	0.49	0.54	0.0	0.0	-0.0	1	1	0	1
2	0	2023	4	25	16	37	14	957323776	48.1774	36.1423	0	0	-55	0	0	-1	6	9	76.27	0.96	0.40	0.32	8.3	30.9	-11.5	0	1	0	1
2	0	2023	4	25	16	42	36	130278400	48.1830	36.2012	0	0	-9	0	0	-1	3	3	84.61	1.21	0.48	0.03	0.0	0.0	-0.0	1	1	0	1
2	0	2023	4	25	16	42	36	134637824	48.1724	36.2011	0	0	-16	0	0	-1	4	5	95.26	1.94	0.48	0.24	5.0	23.4	-5.7	0	1	0	1
2	0	2023	4	25	16	44	7	960179456	48.1796	36.1894	0	0	-11	0	0	-1	3	3	85.28	2.65	0.44	0.76	2.1	2.6	-4.7	1	1	0	1
2	0	2023	4	25	16	44	7	967960320	48.1737	36.1842	0	0	-10	0	0	-1	3	3	84.77	2.48	0.44	0.05	2.2	21.3	-4.5	0	1	0	1
2	0	2023	4	25	16	45	29	471649024	48.0299	36.0253	0	0	14	0	0	-1	4	5	84.61	1.27	0.49	1.01	5.5	2.5	3.4	1	1	0	1
2	0	2023	4	25	16	45	29	569809152	48.1993	36.1261	0	0	21	0	0	-1	5	7	86.92	1.14	0.43	0.44	5.4	10.4	5.8	1	1	0	1
2	0	2023	4	25	17	8	46	292643584	49.3305	34.7926	0	0	14	0	0	-1	2	1	45.24	21.21	1.26	0.35	2.9	4.3	5.3	1	1	0	1
2	0	2023	4	25	17	8	46	300203008	49.5490	35.1296	0	0	10	0	0	-1	2	1	45.61	18.63	1.14	0.03	14.0	3.6	3.1	1	1	0	1
2	0	2023	4	25	17	8	46	322674944	49.3707	34.8948	0	0	-49	0	0	-1	8	13	76.80	0.87	0.40	0.34	6.5	32.2	-12.8	0	1	0	1
2	0	2023	4	25	17	8	46	476308480	49.3709	34.8922	0	0	18	0	0	-1	5	7	91.88	1.27	0.49	0.24	3.0	22.9	7.3	0	1	0	1
2	0	2023	4	25	17	20	35	109596416	40.0877	46.3733	0	0	17	0	0	-1	4	5	148.54	8.94	1.32	0.62	10.5	30.4	0.0	0	1	0	1
2	0	2023	4	25	22	57	28	734536704	42.1419	47.7046	0	0	-23	0	0	-1	3	3	144.43	15.99	1.31	1.96	17.8	30.4	-0.0	0	1	0	1
