2	0	2023	4	18	13	44	37	169130240	44.4558	39.9406	0	0	-82	0	0	-1	6	9	125.68	0.74	0.42	0.92	13.8	31.9	-18.8	0	1	0	1
2	0	2023	4	18	13	44	37	191256832	44.4434	39.9337	0	0	-24	0	0	-1	5	7	163.20	0.55	0.40	0.63	8.8	31.6	-4.8	0	1	0	1
2	0	2023	4	18	13	44	37	211794176	44.4511	39.9156	0	0	-30	0	0	-1	5	7	150.30	0.53	0.43	0.80	14.8	9.6	-6.2	0	1	0	1
2	0	2023	4	18	13	44	37	231702272	44.4436	39.9446	0	0	-21	0	0	-1	5	7	163.87	0.52	0.40	0.27	5.1	9.1	-6.2	0	1	0	1
2	0	2023	4	18	13	44	37	266943744	44.4703	39.9396	0	0	-23	0	0	-1	5	7	157.40	0.52	0.40	0.40	9.1	19.2	-5.1	0	1	0	1
2	0	2023	4	18	13	44	37	296716800	44.4580	39.9055	0	0	-19	0	0	-1	5	7	149.59	0.57	0.41	0.42	13.0	28.6	-3.1	0	1	0	1
2	0	2023	4	18	13	44	38	107890432	44.2149	40.1225	0	0	14	0	0	-1	2	1	158.54	1.60	0.44	0.26	12.2	5.1	3.2	1	1	0	1
2	0	2023	4	18	13	46	28	311364608	44.4522	39.9596	0	0	-22	0	0	-1	3	3	152.59	0.68	0.44	0.78	15.8	17.9	-4.6	1	1	0	1
2	0	2023	4	18	13	46	28	315507200	44.4713	39.9660	0	0	-58	0	0	-1	7	11	170.94	0.44	0.40	1.48	9.2	18.7	-10.4	0	1	0	1
2	0	2023	4	18	13	46	28	329031168	44.4547	39.9115	0	0	-49	0	0	-1	7	11	154.46	0.44	0.42	1.01	14.1	22.9	-13.2	0	1	0	1
2	0	2023	4	18	13	46	28	383484416	44.5236	40.1085	0	0	24	0	0	-1	3	3	56.99	4.86	0.79	1.82	19.8	19.0	0.0	0	1	0	1
2	0	2023	4	18	13	46	29	263229952	39.6153	37.4781	0	0	-68	0	0	-1	5	7	22.68	12.95	1.21	1.34	19.8	27.3	-11.6	0	1	0	1
2	0	2023	4	18	13	46	29	318565632	39.6061	37.4527	0	0	-46	0	0	-1	5	7	22.30	11.46	1.18	1.68	6.3	32.8	-13.5	0	1	0	1
2	0	2023	4	18	13	48	1	47203328	44.4610	39.9471	0	0	-54	0	0	-1	6	9	126.44	0.72	0.42	0.67	27.8	3.4	-9.0	0	1	0	1
2	0	2023	4	18	13	48	1	68479744	44.4355	39.9272	0	0	-30	0	0	-1	4	5	43.27	2.36	0.53	1.12	9.7	22.6	-0.0	0	1	0	1
2	0	2023	4	18	13	48	1	89406464	44.4089	39.9162	0	0	8	0	0	-1	3	3	41.56	2.46	0.56	0.40	20.1	17.8	0.0	1	1	0	1
2	0	2023	4	18	13	48	1	105246720	44.4644	39.9287	0	0	-59	0	0	-1	3	3	118.51	1.30	0.46	0.51	21.0	27.6	-9.5	0	1	0	1
2	0	2023	4	18	13	48	1	123688960	44.4454	39.9243	0	0	-19	0	0	-1	3	3	153.58	0.66	0.42	0.26	7.3	24.1	-5.0	0	1	0	1
2	0	2023	4	18	13	49	33	879919616	44.8617	34.1306	0	0	-29	0	0	-1	4	5	56.00	4.03	0.53	0.29	5.5	4.5	-11.0	1	1	0	1
2	0	2023	4	18	13	50	49	728443136	44.4711	39.9466	0	0	-29	0	0	-1	4	5	147.86	0.63	0.41	0.33	11.4	28.4	-7.9	0	1	0	1
2	0	2023	4	18	13	51	48	267839232	39.4374	40.6739	0	0	149	0	0	-1	7	11	4.64	9.81	1.11	2.27	26.9	13.2	24.6	0	1	0	1
2	0	2023	4	18	13	53	16	868804096	44.4683	39.9818	0	0	-29	0	0	-1	4	5	148.40	0.69	0.41	0.54	9.8	42.5	-6.6	0	1	0	1
2	0	2023	4	18	13	53	58	445740288	39.6281	37.6232	0	0	-60	0	0	-1	5	7	23.47	13.20	1.18	0.64	15.8	38.2	-11.3	0	1	0	1
2	0	2023	4	18	13	57	13	27296256	39.3678	40.6682	0	0	68	0	0	-1	6	9	4.40	9.33	1.20	1.20	25.4	18.1	9.8	0	1	0	1
2	0	2023	4	18	13	57	25	118275072	44.5027	39.7923	0	0	-26	0	0	-1	4	5	143.33	0.59	0.41	0.34	11.3	33.9	-4.9	0	1	0	1
2	0	2023	4	18	14	0	52	130942464	44.5241	39.8225	0	0	25	0	0	-1	4	5	143.17	0.60	0.41	0.33	8.0	5.2	3.7	0	1	0	1
2	0	2023	4	18	14	7	32	526027264	40.7052	43.2190	0	0	130	0	0	-1	5	7	159.59	9.61	1.19	0.71	26.6	39.4	14.3	0	1	0	1
2	0	2023	4	18	14	11	8	408212480	39.4804	40.8341	0	0	65	0	0	-1	6	9	2.24	10.99	1.14	1.31	15.1	20.1	13.1	0	1	0	1
2	0	2023	4	18	14	13	1	465806336	40.4188	40.8716	0	0	-11	0	0	-1	3	3	8.27	14.72	1.33	0.80	6.7	21.3	-0.0	0	1	0	1
2	0	2023	4	18	14	13	34	531764480	40.0936	38.7636	0	0	154	0	0	-1	5	7	17.93	12.00	0.98	2.34	30.0	23.9	27.7	0	1	0	1
2	0	2023	4	18	14	14	40	995750400	39.9638	37.4558	0	0	82	0	0	-1	3	3	28.97	15.66	1.69	0.40	11.9	13.8	18.9	0	1	0	1
2	0	2023	4	18	14	19	34	965664512	39.4419	40.7200	0	0	-31	0	0	-1	3	3	3.12	14.13	1.28	0.54	12.4	26.6	-3.8	0	1	0	1
2	0	2023	4	18	14	20	6	994143232	44.9832	34.1001	0	0	-19	0	0	-1	3	3	66.52	4.74	0.75	0.37	9.9	3.1	-6.6	1	1	0	1
2	0	2023	4	18	14	21	12	439930624	44.5885	39.8382	0	0	62	0	0	-1	4	5	119.75	1.06	0.41	0.14	20.8	4.2	9.9	0	1	0	1
2	0	2023	4	18	14	21	12	604044800	44.5796	39.9372	0	0	-32	0	0	-1	6	9	152.67	0.46	0.40	0.88	12.2	18.1	-6.1	0	1	0	1
2	0	2023	4	18	14	21	12	627501056	44.5839	39.9335	0	0	-15	0	0	-1	4	5	167.71	0.58	0.40	0.41	29.8	25.6	-3.3	1	1	0	1
2	0	2023	4	18	14	25	44	443044096	39.7229	38.6720	0	0	-79	0	0	-1	5	7	19.21	15.00	1.51	1.36	13.5	42.9	-14.2	0	1	0	1
2	0	2023	4	18	14	29	42	986588672	42.7823	35.7610	0	0	76	0	0	-1	7	11	39.13	3.93	0.63	0.46	11.2	19.8	16.4	0	1	0	1
2	0	2023	4	18	14	31	53	770619392	45.0343	34.1752	0	0	36	0	0	-1	6	9	59.61	2.66	0.51	0.65	10.4	26.2	9.4	0	1	0	1
2	0	2023	4	18	14	33	16	591391488	39.9048	38.8757	0	0	-114	0	0	-1	7	11	15.87	8.49	1.01	1.69	16.6	22.2	-13.6	0	1	0	1
2	0	2023	4	18	14	33	29	645060352	45.0176	34.1311	0	0	61	0	0	-1	7	11	59.30	2.62	0.48	0.37	7.8	26.4	19.1	0	1	0	1
2	0	2023	4	18	14	34	36	732469760	45.0142	34.1537	0	0	69	0	0	-1	6	9	58.70	2.39	0.51	0.32	8.0	28.5	19.1	0	1	0	1
2	0	2023	4	18	14	36	44	579971328	45.0321	34.1609	0	0	23	0	0	-1	3	3	66.09	4.32	0.74	0.87	4.0	23.5	9.8	0	1	0	1
2	0	2023	4	18	14	38	37	355499264	40.8566	36.9781	0	0	60	0	0	-1	3	3	21.62	14.28	1.36	0.40	10.2	19.4	16.6	0	1	0	1
2	0	2023	4	18	14	38	54	549079040	42.7691	35.7807	0	0	132	0	0	-1	7	11	40.28	3.88	0.63	1.14	22.6	17.0	31.0	0	1	0	1
2	0	2023	4	18	14	40	14	402258432	45.0329	34.1626	0	0	24	0	0	-1	3	3	66.26	4.42	0.72	0.33	6.7	16.9	7.6	0	1	0	1
2	0	2023	4	18	14	42	35	11426560	42.8484	35.7561	0	0	122	0	0	-1	6	9	40.17	4.05	0.69	1.78	22.6	16.4	15.9	0	1	0	1
2	0	2023	4	18	14	44	38	244594944	42.8143	35.8432	0	0	146	0	0	-1	7	11	38.03	4.42	0.61	0.74	12.9	16.9	33.7	0	1	0	1
2	0	2023	4	18	14	46	6	443358208	39.6179	38.6598	0	0	68	0	0	-1	5	7	18.67	11.76	1.12	0.75	13.9	33.6	16.6	0	1	0	1
2	0	2023	4	18	14	47	21	663167232	39.3477	41.0184	0	0	-53	0	0	-1	7	11	1.79	9.89	1.23	1.69	16.1	15.2	-4.2	0	1	0	1
2	0	2023	4	18	14	48	53	847091456	40.4320	40.7085	0	0	-44	0	0	-1	3	3	5.96	17.71	1.17	1.81	23.4	17.6	-4.6	0	1	0	1
2	0	2023	4	18	14	48	53	858122496	40.1813	40.6945	0	0	31	0	0	-1	3	3	9.52	18.09	1.39	0.21	13.9	30.4	0.0	0	1	0	1
2	0	2023	4	18	14	53	48	112516096	41.2294	37.2277	0	0	-65	0	0	-1	4	5	30.18	8.34	0.95	1.38	4.2	32.5	-30.1	0	1	0	1
2	0	2023	4	18	14	53	55	462124032	40.1230	40.6577	0	0	-272	0	0	-1	5	7	176.70	24.83	1.81	1.90	25.6	9.2	-43.5	0	1	0	1
2	0	2023	4	18	14	53	55	502149888	40.0233	40.6646	0	0	14	0	0	-1	3	3	9.52	20.68	1.39	0.31	13.8	30.4	0.0	0	1	0	1
2	0	2023	4	18	15	0	29	757192960	41.2698	37.3248	0	0	-96	0	0	-1	5	7	28.48	6.46	0.93	1.32	21.1	33.4	-20.1	0	1	0	1
2	0	2023	4	18	15	0	30	116131072	41.3074	37.3289	0	0	-65	0	0	-1	3	3	22.40	11.22	1.29	0.81	6.1	19.0	-0.0	0	1	0	1
2	0	2023	4	18	15	0	51	6336256	40.2416	40.9471	0	0	-187	0	0	-1	5	7	174.75	12.93	1.73	1.49	27.5	21.2	-27.1	0	1	0	1
2	0	2023	4	18	15	8	3	249707776	42.9396	35.9980	0	0	99	0	0	-1	7	11	40.20	3.80	0.59	0.95	12.3	16.4	30.8	0	1	0	1
2	0	2023	4	18	15	11	0	179023360	41.0034	37.2227	0	0	-55	0	0	-1	4	5	21.60	10.06	1.35	0.38	3.5	32.1	-20.4	0	1	0	1
2	0	2023	4	18	15	21	49	244691712	40.6026	40.5404	0	0	-47	0	0	-1	3	3	178.95	18.51	1.47	0.96	5.2	9.1	-15.6	0	1	0	1
2	0	2023	4	18	15	25	32	326059776	45.2281	34.3582	0	0	-42	0	0	-1	6	9	59.75	2.36	0.48	0.40	3.7	36.2	-18.6	0	1	0	1
2	0	2023	4	18	15	26	42	184557312	41.3789	37.5542	0	0	94	0	0	-1	7	11	30.07	6.03	0.93	1.20	17.0	33.4	25.3	0	1	0	1
2	0	2023	4	18	15	29	55	851791104	39.0144	37.2109	0	0	65	0	0	-1	4	5	21.64	9.17	1.25	0.65	14.3	20.1	10.7	0	1	0	1
2	0	2023	4	18	15	34	40	388901888	42.9329	36.0070	0	0	-57	0	0	-1	3	3	33.68	21.25	0.89	1.53	14.8	11.8	-0.0	0	1	0	1
2	0	2023	4	18	15	40	42	72496640	38.9598	38.9915	0	0	83	0	0	-1	6	9	14.51	9.96	1.18	0.63	17.1	15.6	14.9	0	1	0	1
2	0	2023	4	18	15	43	21	775369472	38.8902	37.1790	0	0	81	0	0	-1	6	9	20.09	10.36	1.13	0.64	20.7	18.8	13.7	0	1	0	1
2	0	2023	4	18	15	46	56	940167936	40.3735	37.7579	0	0	-65	0	0	-1	5	7	24.06	7.68	1.03	0.86	7.2	36.6	-17.2	0	1	0	1
2	0	2023	4	18	15	46	57	110171136	40.3797	37.7527	0	0	-58	0	0	-1	5	7	23.35	7.14	1.02	0.46	3.6	21.9	-20.4	0	1	0	1
2	0	2023	4	18	15	47	11	279052544	38.7851	37.0920	0	0	102	0	0	-1	5	7	20.97	12.43	1.22	1.34	28.5	20.4	13.8	0	1	0	1
2	0	2023	4	18	15	49	53	922082816	41.1981	37.8656	0	0	-46	0	0	-1	3	3	20.13	17.49	1.34	1.76	6.5	22.9	-15.8	0	1	0	1
2	0	2023	4	18	15	54	2	65758464	41.3334	37.8374	0	0	-67	0	0	-1	5	7	26.52	5.68	0.87	0.98	10.3	23.2	-33.1	0	1	0	1
2	0	2023	4	18	16	3	31	540524544	39.4177	38.9378	0	0	99	0	0	-1	7	11	16.42	11.42	1.13	1.16	21.2	52.2	14.8	0	1	0	1
2	0	2023	4	18	16	8	5	102101760	41.4045	37.9773	0	0	-43	0	0	-1	4	5	26.29	6.85	0.90	0.42	2.4	30.1	-25.4	0	1	0	1
2	0	2023	4	18	16	10	27	334449152	41.4280	38.1122	0	0	-44	0	0	-1	3	3	19.30	18.48	1.39	1.65	5.2	28.8	-22.1	0	1	0	1
2	0	2023	4	18	16	10	57	797648384	39.6814	38.0502	0	0	80	0	0	-1	5	7	18.76	12.67	1.01	1.14	27.2	36.8	14.5	0	1	0	1
2	0	2023	4	18	16	12	25	320763392	39.2392	40.0845	0	0	113	0	0	-1	4	5	9.65	14.39	1.43	0.81	21.2	33.4	19.9	0	1	0	1
2	0	2023	4	18	16	12	51	218817792	39.3237	37.9408	0	0	75	0	0	-1	4	5	19.37	12.00	1.22	0.77	14.1	17.6	17.6	0	1	0	1
2	0	2023	4	18	16	12	56	886489088	39.6499	38.1438	0	0	70	0	0	-1	5	7	19.77	10.93	1.15	1.05	12.8	15.6	14.8	0	1	0	1
2	0	2023	4	18	16	14	42	850552064	39.3283	37.9717	0	0	76	0	0	-1	5	7	18.08	13.32	1.20	0.58	15.4	9.3	16.8	0	1	0	1
2	0	2023	4	18	16	17	43	796461312	41.7188	38.1775	0	0	15	0	0	-1	3	3	28.94	6.62	0.91	0.71	10.6	20.4	0.0	0	1	0	1
2	0	2023	4	18	16	26	14	418737408	39.8355	39.9054	0	0	16	0	0	-1	3	3	13.90	15.11	1.30	0.47	20.0	15.9	0.0	0	1	0	1
2	0	2023	4	18	16	28	24	228603648	41.4909	38.2308	0	0	-47	0	0	-1	5	7	26.61	6.62	0.86	1.02	9.2	33.9	-15.2	0	1	0	1
2	0	2023	4	18	16	30	24	980255488	41.4267	37.9675	0	0	-98	0	0	-1	6	9	23.50	5.56	0.76	1.40	11.2	37.6	-29.3	0	1	0	1
2	0	2023	4	18	16	32	4	427015424	40.5078	38.9996	0	0	18	0	0	-1	4	5	20.62	9.40	1.12	0.46	14.4	20.5	0.0	0	1	0	1
2	0	2023	4	18	16	32	12	416348416	39.4572	38.0206	0	0	-94	0	0	-1	5	7	17.71	14.19	1.20	1.42	15.7	35.4	-15.1	0	1	0	1
2	0	2023	4	18	16	35	12	679291904	39.9529	38.3370	0	0	59	0	0	-1	4	5	23.55	15.74	1.53	0.71	20.9	12.4	15.7	0	1	0	1
2	0	2023	4	18	16	42	50	446881280	38.8230	40.9313	0	0	165	0	0	-1	6	9	3.78	12.86	1.27	1.02	21.6	31.4	23.1	0	1	0	1
2	0	2023	4	18	16	45	48	215843840	39.9762	39.7092	0	0	-18	0	0	-1	3	3	14.28	11.16	1.30	1.72	11.1	23.7	-0.0	0	1	0	1
2	0	2023	4	18	16	47	29	804813312	39.1154	39.4517	0	0	86	0	0	-1	4	5	15.97	11.43	1.47	0.71	11.1	50.2	16.4	0	1	0	1
2	0	2023	4	18	16	48	36	34467840	39.9081	39.8750	0	0	-18	0	0	-1	3	3	12.64	14.27	1.29	0.74	16.1	30.4	-0.0	0	1	0	1
2	0	2023	4	18	16	51	10	889108224	40.9750	43.6229	0	0	64	0	0	-1	4	5	155.73	10.80	1.19	1.44	11.1	21.7	0.0	0	1	0	1
2	0	2023	4	18	16	51	50	71612672	39.6945	38.3100	0	0	70	0	0	-1	4	5	20.54	10.62	1.17	0.29	20.8	29.4	16.5	0	1	0	1
2	0	2023	4	18	17	6	48	873478400	39.5087	40.0396	0	0	-61	0	0	-1	3	3	8.73	10.58	1.34	1.29	14.4	18.8	-11.8	0	1	0	1
2	0	2023	4	18	17	8	25	989277952	38.5866	37.7017	0	0	113	0	0	-1	6	9	17.81	12.49	1.10	1.02	16.5	34.0	20.4	0	1	0	1
2	0	2023	4	18	17	16	0	29938688	40.1470	40.1557	0	0	13	0	0	-1	3	3	12.41	13.20	1.30	0.73	10.4	12.5	0.0	0	1	0	1
2	0	2023	4	18	17	20	44	667802880	39.4203	39.6753	0	0	65	0	0	-1	4	5	13.30	14.66	1.42	0.84	19.7	22.5	8.5	0	1	0	1
2	0	2023	4	18	17	24	46	432018432	38.7262	37.7846	0	0	110	0	0	-1	6	9	19.49	10.81	1.14	0.91	20.2	25.9	18.7	0	1	0	1
2	0	2023	4	18	17	33	35	221419520	40.5438	38.9179	0	0	16	0	0	-1	4	5	21.57	9.79	1.08	1.01	7.9	18.8	0.0	0	1	0	1
2	0	2023	4	18	17	33	35	249458432	40.4707	38.8957	0	0	17	0	0	-1	3	3	19.97	10.15	1.15	0.17	11.4	15.7	0.0	0	1	0	1
2	0	2023	4	18	17	35	28	19832064	39.9803	40.1016	0	0	17	0	0	-1	4	5	13.41	11.63	1.27	0.73	8.3	22.4	0.0	0	1	0	1
2	0	2023	4	18	17	45	26	325182976	40.0718	40.6446	0	0	13	0	0	-1	3	3	9.51	20.68	1.39	0.72	13.9	30.4	0.0	0	1	0	1
2	0	2023	4	18	17	47	24	110505728	39.3804	40.0906	0	0	-77	0	0	-1	4	5	9.51	11.67	1.34	0.98	10.1	16.9	-10.7	0	1	0	1
2	0	2023	4	18	17	48	39	993926656	39.9123	40.1641	0	0	-15	0	0	-1	4	5	13.77	9.50	1.30	0.34	9.1	9.5	-0.0	0	1	0	1
2	0	2023	4	18	17	49	59	969127168	40.0667	40.1986	0	0	13	0	0	-1	4	5	12.25	9.78	1.31	0.54	6.2	2.3	0.0	0	1	0	1
2	0	2023	4	18	17	50	53	872438784	39.8532	40.4290	0	0	20	0	0	-1	3	3	19.93	24.88	2.12	0.52	19.3	30.4	0.0	0	1	0	1
2	0	2023	4	18	17	52	26	168823296	40.1588	40.4636	0	0	20	0	0	-1	4	5	11.41	13.80	1.27	0.89	7.9	23.7	0.0	0	1	0	1
2	0	2023	4	18	17	55	42	981210880	39.9930	40.2430	0	0	13	0	0	-1	4	5	11.78	14.21	1.31	0.12	7.9	21.1	0.0	0	1	0	1
2	0	2023	4	18	17	56	27	676015616	39.9315	40.2515	0	0	21	0	0	-1	4	5	11.83	13.76	1.31	0.31	11.6	14.9	0.0	0	1	0	1
2	0	2023	4	18	18	3	5	713501952	39.9877	40.3203	0	0	15	0	0	-1	4	5	12.26	14.09	1.36	0.35	14.2	14.2	0.0	0	1	0	1
2	0	2023	4	18	18	4	7	606927616	39.9837	40.3166	0	0	16	0	0	-1	4	5	11.64	12.93	1.32	0.49	11.9	20.7	0.0	0	1	0	1
2	0	2023	4	18	18	5	0	797262592	39.5555	40.2719	0	0	-32	0	0	-1	4	5	6.94	12.01	1.16	0.48	6.0	36.2	-7.8	0	1	0	1
2	0	2023	4	18	18	8	51	29383168	39.2996	40.0746	0	0	82	0	0	-1	3	3	7.26	14.84	1.41	0.89	16.5	13.0	14.4	0	1	0	1
2	0	2023	4	18	18	9	11	567478784	40.1421	40.8234	0	0	12	0	0	-1	4	5	8.82	10.64	1.42	0.40	14.2	17.5	0.0	1	1	0	1
2	0	2023	4	18	18	11	9	129196288	39.2927	38.8032	0	0	88	0	0	-1	6	9	15.24	12.24	1.02	0.93	15.6	34.8	15.8	0	1	0	1
2	0	2023	4	18	18	12	2	867955200	40.5031	39.3233	0	0	-19	0	0	-1	3	3	17.15	12.60	1.21	1.38	8.9	13.0	-0.0	0	1	0	1
2	0	2023	4	18	18	15	18	961430016	39.2492	40.1042	0	0	94	0	0	-1	5	7	8.91	11.17	1.34	1.05	20.9	27.4	14.2	0	1	0	1
2	0	2023	4	18	18	20	24	922477824	40.0128	40.3897	0	0	12	0	0	-1	4	5	12.08	10.65	1.36	1.30	8.1	20.0	0.0	0	1	0	1
2	0	2023	4	18	18	24	59	915899904	40.1233	40.6400	0	0	12	0	0	-1	4	5	12.06	13.93	1.37	0.97	15.3	19.3	0.0	0	1	0	1
2	0	2023	4	18	18	30	41	69047296	39.6250	40.9015	0	0	36	0	0	-1	3	3	8.28	14.53	1.52	0.07	7.3	15.0	0.0	0	1	0	1
2	0	2023	4	18	18	32	29	309608448	40.2097	40.9147	0	0	12	0	0	-1	4	5	8.17	12.36	1.38	0.64	17.9	16.8	0.0	1	1	0	1
2	0	2023	4	18	18	34	0	873826304	39.6857	40.9260	0	0	-41	0	0	-1	4	5	4.52	11.42	1.23	0.70	12.9	19.9	-7.8	0	1	0	1
2	0	2023	4	18	18	35	31	888835840	39.3077	38.9819	0	0	57	0	0	-1	4	5	16.52	15.49	1.53	0.58	11.8	14.3	8.3	0	1	0	1
2	0	2023	4	18	18	37	55	375597568	39.4130	40.6068	0	0	-43	0	0	-1	5	7	4.37	14.39	1.16	0.40	7.8	32.8	-8.2	0	1	0	1
2	0	2023	4	18	18	37	59	687134976	39.2747	38.9559	0	0	71	0	0	-1	5	7	14.99	13.65	1.24	0.73	14.6	39.8	9.6	0	1	0	1
2	0	2023	4	18	18	38	46	522742528	39.5662	40.6200	0	0	-31	0	0	-1	4	5	6.38	8.83	1.31	0.47	8.8	29.3	-6.3	0	1	0	1
2	0	2023	4	18	18	38	48	785224448	39.0721	38.5575	0	0	-61	0	0	-1	3	3	19.49	14.99	1.57	1.50	18.2	21.8	-7.7	0	1	0	1
2	0	2023	4	18	18	40	9	859049216	39.3210	40.6040	0	0	-45	0	0	-1	5	7	4.93	15.99	1.34	1.25	6.4	41.0	-9.0	0	1	0	1
2	0	2023	4	18	18	41	39	620775680	39.8443	40.1423	0	0	13	0	0	-1	4	5	11.73	14.67	1.33	0.78	11.6	27.9	0.0	0	1	0	1
2	0	2023	4	18	18	44	18	868993280	39.9344	40.2710	0	0	16	0	0	-1	4	5	9.85	10.49	1.30	1.66	16.4	26.7	0.0	0	1	0	1
2	0	2023	4	18	18	52	5	588044288	39.6073	41.0668	0	0	15	0	0	-1	4	5	4.63	19.17	1.53	0.48	11.9	30.4	0.0	0	1	0	1
2	0	2023	4	18	18	53	22	124387072	40.1098	40.7374	0	0	13	0	0	-1	4	5	8.45	13.18	1.37	0.51	8.6	29.1	0.0	1	1	0	1
2	0	2023	4	18	19	3	2	644958976	39.3743	40.7010	0	0	-31	0	0	-1	4	5	8.35	20.55	1.52	1.95	15.1	30.4	-0.0	0	1	0	1
2	0	2023	4	18	19	3	2	709044736	40.0713	40.7031	0	0	11	0	0	-1	4	5	11.71	11.06	1.32	0.66	12.4	30.4	0.0	0	1	0	1
2	0	2023	4	18	19	8	38	165966592	39.5601	40.8609	0	0	-51	0	0	-1	3	3	1.31	11.81	1.28	1.23	12.6	37.0	-12.0	0	1	0	1
2	0	2023	4	18	19	10	4	152875264	39.3459	40.2041	0	0	77	0	0	-1	5	7	6.94	11.76	1.20	0.78	9.7	7.5	17.0	0	1	0	1
2	0	2023	4	18	19	11	47	322663424	39.9052	40.6598	0	0	14	0	0	-1	4	5	8.52	13.28	1.37	0.40	13.6	30.4	0.0	0	1	0	1
2	0	2023	4	18	19	11	58	653945344	39.3498	40.7909	0	0	-39	0	0	-1	4	5	4.41	12.91	1.15	0.70	12.2	12.7	-6.2	0	1	0	1
2	0	2023	4	18	19	14	33	380534272	39.5775	39.3855	0	0	-60	0	0	-1	4	5	16.76	13.15	1.34	0.42	9.2	22.4	-11.4	0	1	0	1
2	0	2023	4	18	19	14	39	109100544	39.4068	40.5350	0	0	-60	0	0	-1	4	5	7.23	9.36	1.28	1.56	7.8	42.6	-9.0	0	1	0	1
2	0	2023	4	18	19	17	32	589752064	38.9476	39.0814	0	0	64	0	0	-1	5	7	12.82	12.56	1.26	1.23	15.3	23.9	8.9	0	1	0	1
2	0	2023	4	18	19	18	30	167273984	39.3810	40.8460	0	0	-42	0	0	-1	4	5	4.15	11.24	1.19	0.83	18.2	17.7	-6.1	0	1	0	1
2	0	2023	4	18	19	18	30	289759232	39.3669	40.8512	0	0	-37	0	0	-1	5	7	3.30	20.55	1.33	1.07	9.1	19.0	-6.7	0	1	0	1
2	0	2023	4	18	19	18	30	339379968	39.5111	40.9523	0	0	-83	0	0	-1	5	7	3.69	9.00	1.17	0.94	12.6	28.2	-17.9	0	1	0	1
2	0	2023	4	18	19	20	22	495076352	39.6095	39.5427	0	0	-45	0	0	-1	3	3	16.97	13.08	1.44	1.91	13.6	17.9	-6.5	0	1	0	1
2	0	2023	4	18	19	25	6	14581248	39.2548	39.2915	0	0	127	0	0	-1	3	3	15.84	17.18	1.49	3.19	26.4	44.5	11.5	0	1	0	1
2	0	2023	4	18	19	30	27	742787072	39.7609	40.0572	0	0	15	0	0	-1	3	3	12.31	17.33	1.37	2.72	21.8	17.8	0.0	0	1	0	1
2	0	2023	4	18	19	31	37	990579968	39.1927	39.3411	0	0	90	0	0	-1	4	5	14.81	22.23	1.90	1.05	20.9	31.4	10.3	0	1	0	1
2	0	2023	4	18	19	32	1	643560704	39.2207	39.0697	0	0	-55	0	0	-1	4	5	15.14	15.84	1.21	1.28	19.0	12.8	-9.1	1	1	0	1
2	0	2023	4	18	19	34	45	826313728	39.4415	40.8244	0	0	14	0	0	-1	3	3	8.30	14.47	1.52	0.25	7.4	14.9	0.0	0	1	0	1
2	0	2023	4	18	19	36	7	545889024	39.2806	39.3492	0	0	95	0	0	-1	4	5	14.30	13.40	1.46	1.11	18.9	22.8	19.0	0	1	0	1
2	0	2023	4	18	19	39	18	209057536	39.3223	40.8736	0	0	33	0	0	-1	4	5	1.38	12.03	1.32	0.65	10.9	20.2	7.5	0	1	0	1
2	0	2023	4	18	19	39	22	768565504	39.3565	39.3906	0	0	90	0	0	-1	5	7	15.72	17.93	1.48	1.77	18.7	25.7	13.9	0	1	0	1
2	0	2023	4	18	19	39	30	106614784	39.4255	39.8200	0	0	-103	0	0	-1	5	7	10.98	10.70	1.36	1.19	27.3	19.4	-25.3	0	1	0	1
2	0	2023	4	18	19	44	3	228984320	40.0669	40.3724	0	0	13	0	0	-1	4	5	11.60	12.34	1.32	2.09	15.0	23.6	0.0	0	1	0	1
2	0	2023	4	18	19	44	52	309901056	39.2538	39.4150	0	0	58	0	0	-1	3	3	15.17	15.51	1.42	0.84	10.1	18.4	12.7	0	1	0	1
2	0	2023	4	18	19	45	46	414353152	39.1094	39.2628	0	0	-50	0	0	-1	3	3	14.92	21.82	1.54	0.43	15.2	14.2	-7.2	0	1	0	1
2	0	2023	4	18	19	46	19	344037888	39.4686	39.4991	0	0	57	0	0	-1	4	5	13.68	11.56	1.43	1.34	14.8	30.2	11.5	0	1	0	1
2	0	2023	4	18	19	46	43	974330368	39.9087	39.9306	0	0	14	0	0	-1	4	5	13.75	11.89	1.30	0.55	17.3	17.5	0.0	0	1	0	1
2	0	2023	4	18	19	48	20	483953920	39.4278	39.4412	0	0	116	0	0	-1	5	7	13.79	14.80	1.52	2.84	17.6	23.6	16.8	0	1	0	1
2	0	2023	4	18	19	51	49	345866752	39.1766	39.4859	0	0	64	0	0	-1	4	5	12.00	15.33	1.50	1.28	12.6	24.4	9.9	0	1	0	1
2	0	2023	4	18	19	53	6	829385472	39.1008	39.4353	0	0	79	0	0	-1	3	3	14.95	13.94	1.55	0.99	16.2	15.7	11.0	0	1	0	1
2	0	2023	4	18	19	53	31	702968064	39.4268	41.0289	0	0	-32	0	0	-1	5	7	3.70	8.94	1.20	0.28	10.4	14.2	-4.7	0	1	0	1
2	0	2023	4	18	19	54	55	705147904	39.3547	41.0328	0	0	-33	0	0	-1	4	5	2.80	15.09	1.31	1.08	5.3	22.3	-8.9	0	1	0	1
2	0	2023	4	18	19	55	20	682629888	40.0238	39.9695	0	0	18	0	0	-1	4	5	13.20	11.26	1.26	0.33	14.7	12.0	0.0	0	1	0	1
2	0	2023	4	18	20	4	34	661397760	39.0370	39.6915	0	0	59	0	0	-1	4	5	11.68	10.77	1.50	1.38	10.3	14.8	11.9	0	1	0	1
2	0	2023	4	18	20	7	9	217955072	39.3322	39.5674	0	0	59	0	0	-1	4	5	13.03	12.33	1.42	0.74	24.7	37.8	8.2	0	1	0	1
2	0	2023	4	18	20	7	21	248625408	39.7664	40.0374	0	0	14	0	0	-1	3	3	12.23	17.87	1.37	0.51	16.7	14.7	0.0	0	1	0	1
2	0	2023	4	18	20	8	53	22865408	39.7515	39.7417	0	0	-15	0	0	-1	4	5	14.34	11.82	1.36	1.00	12.0	10.0	-0.0	0	1	0	1
2	0	2023	4	18	20	9	35	425022464	39.8418	39.6709	0	0	15	0	0	-1	4	5	15.88	10.54	1.29	0.65	14.8	12.0	0.0	0	1	0	1
2	0	2023	4	18	20	11	57	143621120	39.0192	39.6270	0	0	88	0	0	-1	4	5	11.70	12.45	1.49	2.28	22.1	44.0	7.5	0	1	0	1
2	0	2023	4	18	20	13	0	251936256	38.9956	39.6657	0	0	102	0	0	-1	3	3	11.92	17.25	1.51	0.85	16.4	12.4	17.9	0	1	0	1
2	0	2023	4	18	20	14	19	507330816	39.2550	41.0691	0	0	14	0	0	-1	5	7	4.90	16.47	1.58	0.37	11.8	30.4	0.0	0	1	0	1
2	0	2023	4	18	20	15	26	882661120	39.9643	39.7338	0	0	15	0	0	-1	4	5	13.38	12.12	1.26	0.62	11.7	2.4	0.0	0	1	0	1
2	0	2023	4	18	20	16	24	381796864	39.2488	39.6965	0	0	54	0	0	-1	3	3	10.96	11.78	1.43	0.87	12.3	10.4	9.9	0	1	0	1
2	0	2023	4	18	20	19	53	459602176	39.3294	40.1883	0	0	-103	0	0	-1	5	7	4.58	14.64	1.68	1.97	28.9	43.0	-13.9	0	1	0	1
2	0	2023	4	18	20	22	2	145496576	39.5991	40.3520	0	0	14	0	0	-1	4	5	10.63	16.45	1.43	1.45	26.7	2.4	0.0	0	1	0	1
2	0	2023	4	18	20	23	57	819057408	39.7597	39.8783	0	0	-14	0	0	-1	4	5	14.19	11.23	1.35	0.54	10.4	1.8	-0.0	0	1	0	1
2	0	2023	4	18	20	28	10	700871424	39.9064	40.0503	0	0	18	0	0	-1	3	3	13.88	15.06	1.31	0.83	12.0	1.8	0.0	0	1	0	1
2	0	2023	4	18	20	29	34	866592512	38.7236	39.6465	0	0	83	0	0	-1	5	7	10.29	14.29	1.55	1.20	15.0	38.9	10.0	0	1	0	1
2	0	2023	4	18	20	29	56	328750080	39.4715	41.4478	0	0	-31	0	0	-1	5	7	0.94	9.20	1.29	1.50	12.3	19.4	-4.3	0	1	0	1
2	0	2023	4	18	20	31	40	556739328	40.0622	40.1141	0	0	12	0	0	-1	4	5	13.34	11.74	1.26	0.54	10.5	2.0	0.0	0	1	0	1
2	0	2023	4	18	20	33	57	174795008	40.3410	41.4466	0	0	9	0	0	-1	4	5	6.73	10.41	1.43	0.52	16.3	2.1	0.0	1	1	0	1
2	0	2023	4	18	20	34	42	381139456	40.0339	40.4210	0	0	18	0	0	-1	4	5	12.13	11.66	1.36	1.86	15.7	12.8	0.0	0	1	0	1
2	0	2023	4	18	20	35	16	724774400	39.4322	41.4779	0	0	-42	0	0	-1	5	7	177.87	13.00	1.26	1.26	17.9	33.2	-5.3	0	1	0	1
2	0	2023	4	18	20	36	3	405771008	39.4549	40.3457	0	0	54	0	0	-1	4	5	8.23	11.62	1.17	0.19	12.8	16.1	9.1	0	1	0	1
2	0	2023	4	18	20	44	20	132217344	39.5803	40.3279	0	0	-14	0	0	-1	3	3	11.65	17.62	1.40	0.52	6.0	13.5	-0.0	0	1	0	1
2	0	2023	4	18	20	46	55	707197184	39.3961	40.4355	0	0	-63	0	0	-1	4	5	5.62	16.30	1.20	0.78	6.8	24.7	-15.6	0	1	0	1
2	0	2023	4	18	20	49	36	526223360	40.1302	40.4729	0	0	13	0	0	-1	4	5	11.48	13.83	1.28	0.99	11.4	2.9	0.0	0	1	0	1
2	0	2023	4	18	20	51	34	285130240	39.4355	41.6272	0	0	-27	0	0	-1	3	3	177.77	13.53	1.30	2.47	11.2	13.6	-4.4	0	1	0	1
2	0	2023	4	18	20	51	34	465299968	39.3142	41.6306	0	0	-26	0	0	-1	4	5	178.10	9.90	1.25	0.34	9.7	15.2	-3.2	0	1	0	1
2	0	2023	4	18	20	52	38	171456000	39.7915	40.1533	0	0	-15	0	0	-1	4	5	12.16	13.27	1.36	0.43	11.7	1.5	-0.0	0	1	0	1
2	0	2023	4	18	20	52	53	214788352	39.5053	40.0869	0	0	-55	0	0	-1	4	5	8.70	13.09	1.37	1.01	13.9	25.5	-8.8	0	1	0	1
2	0	2023	4	18	20	54	45	648043776	40.0039	40.1782	0	0	-12	0	0	-1	4	5	11.50	13.93	1.28	0.30	9.4	1.3	-0.0	0	1	0	1
2	0	2023	4	18	20	55	40	706337792	39.9545	40.1810	0	0	-15	0	0	-1	4	5	11.76	14.09	1.31	0.59	11.6	1.4	-0.0	0	1	0	1
2	0	2023	4	18	20	55	41	976980224	39.4011	40.1217	0	0	-42	0	0	-1	4	5	9.13	14.31	1.42	1.51	15.8	20.1	-7.1	0	1	0	1
2	0	2023	4	18	20	55	42	74504704	40.0544	40.1917	0	0	14	0	0	-1	4	5	13.70	11.17	1.31	0.28	9.4	12.9	0.0	0	1	0	1
2	0	2023	4	18	20	58	49	490005504	39.7923	40.2100	0	0	-21	0	0	-1	4	5	12.17	13.22	1.36	0.69	17.6	1.7	-0.0	0	1	0	1
2	0	2023	4	18	21	1	21	440846592	39.0384	40.1576	0	0	58	0	0	-1	3	3	7.81	16.24	1.53	1.59	13.7	25.2	11.1	0	1	0	1
2	0	2023	4	18	21	1	42	443236096	39.7743	40.5077	0	0	19	0	0	-1	4	5	10.52	16.77	1.44	1.11	24.9	2.4	0.0	0	1	0	1
2	0	2023	4	18	21	2	23	579481088	39.7116	40.3181	0	0	-13	0	0	-1	3	3	12.28	15.37	1.37	0.46	8.9	1.8	-0.0	0	1	0	1
2	0	2023	4	18	21	3	42	284644096	39.5478	40.3618	0	0	69	0	0	-1	3	3	8.03	13.15	1.27	0.51	29.2	50.0	9.9	0	1	0	1
2	0	2023	4	18	21	4	8	371787776	40.4280	40.5741	0	0	12	0	0	-1	3	3	17.85	22.08	1.93	2.17	6.2	1.9	0.0	1	1	0	1
2	0	2023	4	18	21	4	23	909699072	39.6003	40.5657	0	0	-29	0	0	-1	4	5	6.19	11.34	1.30	0.96	14.3	25.0	-4.6	0	1	0	1
2	0	2023	4	18	21	7	14	662068480	40.1166	40.3041	0	0	12	0	0	-1	4	5	13.64	11.79	1.30	0.32	5.5	2.0	0.0	0	1	0	1
2	0	2023	4	18	21	7	46	353381120	39.2210	41.7408	0	0	38	0	0	-1	5	7	176.06	18.53	1.28	0.75	15.2	19.9	6.8	0	1	0	1
2	0	2023	4	18	21	13	23	74825472	40.1202	40.3486	0	0	13	0	0	-1	4	5	12.11	13.31	1.37	0.23	8.8	1.5	0.0	0	1	0	1
2	0	2023	4	18	21	15	26	259271680	39.1383	40.3422	0	0	119	0	0	-1	5	7	9.11	12.70	1.21	1.14	12.9	22.6	22.1	0	1	0	1
2	0	2023	4	18	21	16	48	503452416	38.9380	40.3444	0	0	128	0	0	-1	5	7	5.73	11.37	1.24	0.34	17.4	29.2	21.7	0	1	0	1
2	0	2023	4	18	21	20	8	366566912	39.3038	40.4109	0	0	57	0	0	-1	4	5	4.97	11.62	1.37	0.39	10.6	26.0	10.5	0	1	0	1
2	0	2023	4	18	21	21	17	308472832	40.0445	40.4610	0	0	11	0	0	-1	4	5	10.19	11.19	1.32	0.37	5.5	2.4	0.0	0	1	0	1
2	0	2023	4	18	21	21	46	622054400	38.9355	40.3224	0	0	-53	0	0	-1	3	3	7.57	14.96	1.47	0.96	10.9	28.2	-10.0	0	1	0	1
2	0	2023	4	18	21	22	43	570742016	48.3797	39.5913	0	0	-7	0	0	-1	2	1	16.95	17.34	0.66	1.08	4.4	12.7	-1.2	1	1	0	1
2	0	2023	4	18	21	23	41	272285440	39.4880	40.4552	0	0	18	0	0	-1	4	5	7.90	21.94	1.46	0.97	9.1	19.7	0.0	0	1	0	1
2	0	2023	4	18	21	24	21	354636032	39.3045	41.8563	0	0	-37	0	0	-1	4	5	177.48	12.45	1.31	0.38	13.6	20.5	-3.7	0	1	0	1
2	0	2023	4	18	21	28	17	374254336	39.3795	41.8850	0	0	-32	0	0	-1	5	7	175.96	8.71	1.25	0.40	10.3	22.5	-4.3	0	1	0	1
2	0	2023	4	18	21	28	45	196595712	39.1111	40.4752	0	0	132	0	0	-1	6	9	6.68	12.41	1.22	1.43	21.2	42.9	23.0	0	1	0	1
2	0	2023	4	18	21	29	16	24208896	40.0941	40.5309	0	0	13	0	0	-1	4	5	10.22	10.90	1.32	0.37	8.8	2.6	0.0	0	1	0	1
2	0	2023	4	18	21	33	17	150632192	39.4801	40.5308	0	0	-42	0	0	-1	4	5	6.55	12.11	1.30	0.62	18.4	29.6	-4.9	0	1	0	1
2	0	2023	4	18	21	33	17	277008640	40.2019	40.5539	0	0	15	0	0	-1	4	5	11.76	13.25	1.32	1.03	8.2	1.7	0.0	1	1	0	1
2	0	2023	4	18	21	36	30	304446464	40.0974	40.7245	0	0	12	0	0	-1	4	5	8.53	10.96	1.38	0.09	12.5	2.1	0.0	1	1	0	1
2	0	2023	4	18	21	37	12	95031808	39.3714	40.6732	0	0	-33	0	0	-1	4	5	5.66	16.48	1.17	0.38	13.6	35.5	-4.8	0	1	0	1
2	0	2023	4	18	21	37	12	121868032	39.4543	40.6098	0	0	-28	0	0	-1	4	5	6.58	12.74	1.33	1.33	13.3	27.5	-4.7	0	1	0	1
2	0	2023	4	18	21	37	46	977956096	40.0643	40.6379	0	0	13	0	0	-1	3	3	9.72	10.87	1.35	0.60	5.4	2.0	0.0	0	1	0	1
2	0	2023	4	18	21	39	5	681895168	40.1718	40.7407	0	0	14	0	0	-1	4	5	8.37	12.98	1.38	0.88	10.8	2.4	0.0	1	1	0	1
2	0	2023	4	18	21	39	5	762031104	39.5902	40.7482	0	0	20	0	0	-1	3	3	7.87	16.22	1.46	1.92	28.5	2.5	0.0	0	1	0	1
2	0	2023	4	18	21	40	20	270425856	39.6365	40.7252	0	0	15	0	0	-1	4	5	8.82	12.68	1.50	0.20	16.8	20.1	0.0	0	1	0	1
2	0	2023	4	18	21	42	14	891213312	39.3473	40.7147	0	0	-54	0	0	-1	5	7	3.53	9.62	1.22	1.14	10.4	29.6	-8.0	0	1	0	1
2	0	2023	4	18	21	42	44	444108800	39.0740	40.5909	0	0	-116	0	0	-1	4	5	5.78	11.99	1.28	0.29	12.1	32.6	-14.4	0	1	0	1
2	0	2023	4	18	21	45	58	384166400	40.1839	40.7886	0	0	11	0	0	-1	4	5	11.97	10.08	1.37	0.45	6.4	24.3	0.0	1	1	0	1
2	0	2023	4	18	21	48	15	561569280	40.3381	41.0978	0	0	12	0	0	-1	4	5	5.90	12.89	1.36	0.31	6.1	2.0	0.0	1	1	0	1
2	0	2023	4	18	21	54	40	347557632	39.2739	40.8781	0	0	-41	0	0	-1	4	5	2.26	19.23	1.35	0.74	9.2	34.4	-8.8	0	1	0	1
2	0	2023	4	18	21	55	20	570647040	39.8170	40.8747	0	0	12	0	0	-1	4	5	10.80	10.70	1.42	0.44	10.7	2.1	0.0	0	1	0	1
2	0	2023	4	18	21	55	33	322155520	40.1601	40.8397	0	0	12	0	0	-1	4	5	8.24	12.23	1.38	0.38	5.0	1.7	0.0	1	1	0	1
2	0	2023	4	18	21	58	16	317190656	39.8819	40.8928	0	0	14	0	0	-1	4	5	8.35	19.50	1.44	0.17	6.0	2.6	0.0	0	1	0	1
2	0	2023	4	18	21	58	16	399713024	38.9900	40.8901	0	0	-53	0	0	-1	5	7	2.61	12.34	1.26	0.64	5.6	24.2	-13.5	0	1	0	1
2	0	2023	4	18	22	3	46	119541248	40.3398	40.7200	0	0	17	0	0	-1	4	5	11.26	13.52	1.27	0.53	3.8	1.1	0.0	1	1	0	1
2	0	2023	4	18	22	3	46	718945280	40.4096	40.7277	0	0	12	0	0	-1	3	3	9.31	14.01	1.34	0.61	2.0	1.1	0.0	1	1	0	1
2	0	2023	4	18	22	6	11	75148800	39.3109	40.9830	0	0	-39	0	0	-1	5	7	2.39	15.13	1.26	1.45	11.8	30.1	-6.5	0	1	0	1
2	0	2023	4	18	22	6	12	192598784	40.2806	40.9897	0	0	13	0	0	-1	3	3	9.10	19.90	1.34	0.79	5.4	13.0	0.0	1	1	0	1
2	0	2023	4	18	22	7	43	787087104	39.9444	41.0221	0	0	14	0	0	-1	4	5	8.22	15.47	1.44	0.73	7.0	20.0	0.0	0	1	0	1
2	0	2023	4	18	22	9	3	875612160	40.1244	40.8594	0	0	13	0	0	-1	4	5	9.90	15.37	1.37	0.14	4.9	12.3	0.0	1	1	0	1
2	0	2023	4	18	22	9	4	360777472	39.4431	40.9729	0	0	-53	0	0	-1	6	9	2.44	12.86	1.28	1.17	12.1	22.6	-7.5	0	1	0	1
2	0	2023	4	18	22	11	16	443540480	40.4122	41.1868	0	0	17	0	0	-1	3	3	0.34	8.33	1.05	1.03	12.2	11.6	3.9	1	1	0	1
2	0	2023	4	18	22	11	39	866172160	40.1562	41.0220	0	0	13	0	0	-1	4	5	6.41	10.90	1.33	0.68	6.7	2.9	0.0	1	1	0	1
2	0	2023	4	18	22	12	31	478737920	39.2845	40.8214	0	0	-38	0	0	-1	3	3	4.81	11.29	1.34	1.58	4.0	18.6	-14.2	0	1	0	1
2	0	2023	4	18	22	13	5	840315392	40.4879	40.9455	0	0	16	0	0	-1	4	5	11.81	9.76	1.26	0.42	6.0	1.7	0.0	1	1	0	1
2	0	2023	4	18	22	14	33	227311616	40.2938	40.9453	0	0	11	0	0	-1	3	3	9.85	18.96	1.32	0.10	5.0	1.5	0.0	1	1	0	1
2	0	2023	4	18	22	14	47	665529344	39.1673	40.9682	0	0	-55	0	0	-1	4	5	3.57	13.91	1.32	0.94	13.2	27.1	-8.5	0	1	0	1
2	0	2023	4	18	22	14	47	742604544	39.0203	40.9470	0	0	-59	0	0	-1	3	3	1.38	12.23	1.38	0.24	14.0	12.6	-11.2	0	1	0	1
2	0	2023	4	18	22	24	1	670721024	39.1569	41.2174	0	0	-91	0	0	-1	6	9	0.96	12.05	1.25	0.98	15.2	25.6	-10.1	0	1	0	1
2	0	2023	4	18	22	28	53	986523136	39.3260	41.1770	0	0	-57	0	0	-1	4	5	1.20	11.79	1.28	0.47	15.4	18.6	-7.1	0	1	0	1
2	0	2023	4	18	22	28	54	447464704	40.1967	41.1283	0	0	12	0	0	-1	4	5	6.26	15.03	1.39	0.52	6.9	30.4	0.0	1	1	0	1
2	0	2023	4	18	22	34	15	562001408	39.6624	41.3032	0	0	15	0	0	-1	4	5	6.81	18.65	1.63	0.48	19.0	16.3	0.0	0	1	0	1
2	0	2023	4	18	22	41	21	349688064	38.9809	41.3158	0	0	-39	0	0	-1	3	3	179.45	16.10	1.38	0.70	4.8	29.4	-11.5	0	1	0	1
2	0	2023	4	18	22	44	6	498172416	39.3106	41.3982	0	0	-39	0	0	-1	6	9	0.50	8.94	1.21	1.21	16.0	34.8	-3.9	0	1	0	1
2	0	2023	4	18	23	36	18	558696704	39.0350	41.9710	0	0	-25	0	0	-1	3	3	175.80	18.09	1.44	1.62	9.8	28.8	-3.7	0	1	0	1
2	0	2023	4	18	23	40	57	921707008	43.2098	42.1368	0	0	-33	0	0	-1	3	3	148.49	5.95	0.84	3.79	22.6	25.6	-0.0	1	1	0	1
